filename,unique_id,Total,chromosome,ecDNA
NCIH2170_TOTAL_HER2_R1_G2_24_10_106_Merge(RGB).tif,NCIH2170_TOTAL_HER2_R1_G2_24_10_106_Merge(RGB),311,0,311
NCIH2170_TOTAL_HER2_R1_G2_24_10_84_Merge(RGB).tif,NCIH2170_TOTAL_HER2_R1_G2_24_10_84_Merge(RGB),115,4,111
NCIH2170_HIGH_HER2_R1_G2_24_10_94_Merge(RGB).tif,NCIH2170_HIGH_HER2_R1_G2_24_10_94_Merge(RGB),440,46,394
NCIH2170_LOW_HER2_R1_G0_2501_117_Merge.tif (RGB).tif,NCIH2170_LOW_HER2_R1_G0_2501_117,158,1,157
NCIH2170_LOW_HER2_R1_G1_2404_15_Merge(RGB).tif,NCIH2170_LOW_HER2_R1_G1_2404_15_Merge(RGB),85,0,85
NCIH2170_LOW_HER2_R1_G2_24_10_103_Merge(RGB).tif,NCIH2170_LOW_HER2_R1_G2_24_10_103_Merge(RGB),45,8,37
NCIH2170_LOW_HER2_R1_G2_24_10_96_Merge(RGB).tif,NCIH2170_LOW_HER2_R1_G2_24_10_96_Merge(RGB),172,6,166
NCIH2170_TOTAL_HER2_R1_G2_24_10_117_Merge(RGB).tif,NCIH2170_TOTAL_HER2_R1_G2_24_10_117_Merge(RGB),307,31,276
NCIH2170_TOTAL_HER2_R1_G1_2404_27_Merge(RGB).tif,NCIH2170_TOTAL_HER2_R1_G1_2404_27_Merge(RGB),411,0,411
NCIH2170_HIGH_HER2_R1_G0_2501_70_Merge.tif (RGB).tif,NCIH2170_HIGH_HER2_R1_G0_2501_70,177,14,163
NCIH2170_LOW_HER2_R1_G1_2404_1_Merge(RGB).tif,NCIH2170_LOW_HER2_R1_G1_2404_1_Merge(RGB),251,4,247
NCIH2170_LOW_HER2_R1_G2_24_10_8_Merge(RGB).tif,NCIH2170_LOW_HER2_R1_G2_24_10_8_Merge(RGB),188,0,188
NCIH2170_HIGH_HER2_R1_G2_24_10_36B_Merge(RGB).tif,NCIH2170_HIGH_HER2_R1_G2_24_10_36B_Merge(RGB),218,0,218
NCIH2170_LOW_HER2_R1_G2_24_10_49_Merge(RGB).tif,NCIH2170_LOW_HER2_R1_G2_24_10_49_Merge(RGB),122,1,121
NCIH2170_TOTAL_HER2_R1_G2_24_10_65_Merge(RGB).tif,NCIH2170_TOTAL_HER2_R1_G2_24_10_65_Merge(RGB),404,1,403
NCIH2170_LOW_HER2_R1_G0_2501_114_Merge.tif (RGB).tif,NCIH2170_LOW_HER2_R1_G0_2501_114,105,2,103
NCIH2170_HIGH_HER2_R1_G1_2404_S2_11_Merge(RGB).tif,NCIH2170_HIGH_HER2_R1_G1_2404_S2_11_Merge(RGB),174,0,174
NCIH2170_TOTAL_HER2_R1_G1_2404_81_Merge(RGB).tif,NCIH2170_TOTAL_HER2_R1_G1_2404_81_Merge(RGB),186,0,186
NCIH2170_TOTAL_HER2_R1_G0_2501_128_Merge.tif (RGB).tif,NCIH2170_TOTAL_HER2_R1_G0_2501_128,211,0,211
NCIH2170_HIGH_HER2_R1_G1_2404_S2_10_Merge(RGB).tif,NCIH2170_HIGH_HER2_R1_G1_2404_S2_10_Merge(RGB),348,11,337
NCIH2170_LOW_HER2_R1_G2_24_10_59_Merge(RGB).tif,NCIH2170_LOW_HER2_R1_G2_24_10_59_Merge(RGB),172,9,163
NCIH2170_TOTAL_HER2_R1_G1_2404_75_Merge(RGB).tif,NCIH2170_TOTAL_HER2_R1_G1_2404_75_Merge(RGB),182,17,165
NCIH2170_LOW_HER2_R1_G0_2501_53_Merge.tif (RGB).tif,NCIH2170_LOW_HER2_R1_G0_2501_53,272,4,268
NCIH2170_HIGH_HER2_R1_G0_2501_85_Merge.tif (RGB).tif,NCIH2170_HIGH_HER2_R1_G0_2501_85,100,2,98
NCIH2170_TOTAL_HER2_R1_G2_24_10_56_Merge(RGB).tif,NCIH2170_TOTAL_HER2_R1_G2_24_10_56_Merge(RGB),268,1,267
NCIH2170_TOTAL_HER2_R1_G2_24_10_85_Merge(RGB).tif,NCIH2170_TOTAL_HER2_R1_G2_24_10_85_Merge(RGB),282,0,282
NCIH2170_LOW_HER2_R1_G1_2404_11_Merge(RGB).tif,NCIH2170_LOW_HER2_R1_G1_2404_11_Merge(RGB),72,6,66
NCIH2170_TOTAL_HER2_R1_G1_2404_6_Merge(RGB).tif,NCIH2170_TOTAL_HER2_R1_G1_2404_6_Merge(RGB),359,27,332
NCIH2170_TOTAL_HER2_R1_G2_24_10_71_Merge(RGB).tif,NCIH2170_TOTAL_HER2_R1_G2_24_10_71_Merge(RGB),367,0,367
NCIH2170_LOW_HER2_R1_G2_24_10_119_Merge(RGB).tif,NCIH2170_LOW_HER2_R1_G2_24_10_119_Merge(RGB),152,12,140
NCIH2170_TOTAL_HER2_R1_G2_24_10_29_Merge(RGB).tif,NCIH2170_TOTAL_HER2_R1_G2_24_10_29_Merge(RGB),41,3,38
NCIH2170_LOW_HER2_R1_G0_2501_93_Merge.tif (RGB).tif,NCIH2170_LOW_HER2_R1_G0_2501_93,56,7,49
NCIH2170_TOTAL_HER2_R1_G1_2404_18_Merge(RGB).tif,NCIH2170_TOTAL_HER2_R1_G1_2404_18_Merge(RGB),503,4,499
NCIH2170_TOTAL_HER2_R1_G0_2501_126_Merge.tif (RGB).tif,NCIH2170_TOTAL_HER2_R1_G0_2501_126,272,0,272
NCIH2170_TOTAL_HER2_R1_G1_2404_125_Merge(RGB).tif,NCIH2170_TOTAL_HER2_R1_G1_2404_125_Merge(RGB),193,4,189
NCIH2170_TOTAL_HER2_R1_G2_24_10_60_Merge(RGB).tif,NCIH2170_TOTAL_HER2_R1_G2_24_10_60_Merge(RGB),267,0,267
NCIH2170_LOW_HER2_R1_G1_2404_53_Merge(RGB).tif,NCIH2170_LOW_HER2_R1_G1_2404_53_Merge(RGB),83,7,76
NCIH2170_LOW_HER2_R1_G1_2404_52_Merge(RGB).tif,NCIH2170_LOW_HER2_R1_G1_2404_52_Merge(RGB),123,14,109
NCIH2170_HIGH_HER2_R1_G2_24_10_73_Merge(RGB).tif,NCIH2170_HIGH_HER2_R1_G2_24_10_73_Merge(RGB),121,4,117
NCIH2170_TOTAL_HER2_R1_G1_2404_1_Merge(RGB).tif,NCIH2170_TOTAL_HER2_R1_G1_2404_1_Merge(RGB),525,34,491
NCIH2170_TOTAL_HER2_R1_G1_2404_129_Merge(RGB).tif,NCIH2170_TOTAL_HER2_R1_G1_2404_129_Merge(RGB),173,8,165
NCIH2170_TOTAL_HER2_R1_G2_24_10_8_Merge(RGB).tif,NCIH2170_TOTAL_HER2_R1_G2_24_10_8_Merge(RGB),100,1,99
NCIH2170_HIGH_HER2_R1_G2_24_10_2_Merge(RGB).tif,NCIH2170_HIGH_HER2_R1_G2_24_10_2_Merge(RGB),359,6,353
NCIH2170_LOW_HER2_R1_G0_2501_33_Merge.tif (RGB).tif,NCIH2170_LOW_HER2_R1_G0_2501_33,254,9,245
NCIH2170_TOTAL_HER2_R1_G0_2501_116_Merge.tif (RGB).tif,NCIH2170_TOTAL_HER2_R1_G0_2501_116,235,0,235
NCIH2170_TOTAL_HER2_R1_G1_2404_44_Merge(RGB).tif,NCIH2170_TOTAL_HER2_R1_G1_2404_44_Merge(RGB),148,6,142
NCIH2170_TOTAL_HER2_R1_G0_2501_49_Merge.tif (RGB).tif,NCIH2170_TOTAL_HER2_R1_G0_2501_49,81,0,81
NCIH2170_HIGH_HER2_R1_G0_2501_67_Merge.tif (RGB).tif,NCIH2170_HIGH_HER2_R1_G0_2501_67,240,0,240
NCIH2170_HIGH_HER2_R1_G2_24_10_119_Merge(RGB).tif,NCIH2170_HIGH_HER2_R1_G2_24_10_119_Merge(RGB),280,0,280
NCIH2170_LOW_HER2_R1_G2_24_10_68_Merge(RGB).tif,NCIH2170_LOW_HER2_R1_G2_24_10_68_Merge(RGB),59,0,59
NCIH2170_TOTAL_HER2_R1_G2_24_10_87_Merge(RGB).tif,NCIH2170_TOTAL_HER2_R1_G2_24_10_87_Merge(RGB),272,0,272
NCIH2170_TOTAL_HER2_R1_G1_2404_121_Merge(RGB).tif,NCIH2170_TOTAL_HER2_R1_G1_2404_121_Merge(RGB),286,5,281
NCIH2170_LOW_HER2_R1_G1_2404_2_Merge(RGB).tif,NCIH2170_LOW_HER2_R1_G1_2404_2_Merge(RGB),465,41,424
NCIH2170_LOW_HER2_R1_G2_24_10_77_Merge(RGB).tif,NCIH2170_LOW_HER2_R1_G2_24_10_77_Merge(RGB),299,1,298
NCIH2170_LOW_HER2_R1_G0_2501_86_Merge.tif (RGB).tif,NCIH2170_LOW_HER2_R1_G0_2501_86,254,12,242
NCIH2170_HIGH_HER2_R1_G0_2501_64_Merge.tif (RGB).tif,NCIH2170_HIGH_HER2_R1_G0_2501_64,361,2,359
NCIH2170_HIGH_HER2_R1_G0_2501_74_Merge.tif (RGB).tif,NCIH2170_HIGH_HER2_R1_G0_2501_74,157,7,150
NCIH2170_HIGH_HER2_R1_G2_24_10_39_Merge(RGB).tif,NCIH2170_HIGH_HER2_R1_G2_24_10_39_Merge(RGB),71,11,60
NCIH2170_LOW_HER2_R1_G0_2501_68_Merge.tif (RGB).tif,NCIH2170_LOW_HER2_R1_G0_2501_68,82,7,75
NCIH2170_TOTAL_HER2_R1_G1_2404_126_Merge(RGB).tif,NCIH2170_TOTAL_HER2_R1_G1_2404_126_Merge(RGB),140,17,123
NCIH2170_TOTAL_HER2_R1_G1_2404_84_Merge(RGB).tif,NCIH2170_TOTAL_HER2_R1_G1_2404_84_Merge(RGB),120,1,119
NCIH2170_TOTAL_HER2_R1_G0_2501_48_Merge.tif (RGB).tif,NCIH2170_TOTAL_HER2_R1_G0_2501_48,145,7,138
NCIH2170_TOTAL_HER2_R1_G1_2404_87_Merge(RGB).tif,NCIH2170_TOTAL_HER2_R1_G1_2404_87_Merge(RGB),144,0,144
NCIH2170_LOW_HER2_R1_G0_2501_45_Merge.tif (RGB).tif,NCIH2170_LOW_HER2_R1_G0_2501_45,92,26,66
NCIH2170_HIGH_HER2_R1_G1_2404_S2_46_Merge(RGB).tif,NCIH2170_HIGH_HER2_R1_G1_2404_S2_46_Merge(RGB),560,5,555
NCIH2170_HIGH_HER2_R1_G1_2404_S2_80_Merge(RGB).tif,NCIH2170_HIGH_HER2_R1_G1_2404_S2_80_Merge(RGB),129,15,114
NCIH2170_HIGH_HER2_R1_G0_2501_119_Merge.tif (RGB).tif,NCIH2170_HIGH_HER2_R1_G0_2501_119,157,12,145
NCIH2170_TOTAL_HER2_R1_G0_2501_97_Merge.tif (RGB).tif,NCIH2170_TOTAL_HER2_R1_G0_2501_97,272,0,272
NCIH2170_TOTAL_HER2_R1_G1_2404_70_Merge(RGB).tif,NCIH2170_TOTAL_HER2_R1_G1_2404_70_Merge(RGB),319,44,275
NCIH2170_TOTAL_HER2_R1_G1_2404_39_Merge(RGB).tif,NCIH2170_TOTAL_HER2_R1_G1_2404_39_Merge(RGB),152,0,152
NCIH2170_HIGH_HER2_R1_G0_2501_81_Merge.tif (RGB).tif,NCIH2170_HIGH_HER2_R1_G0_2501_81,124,2,122
NCIH2170_TOTAL_HER2_R1_G2_24_10_22_Merge(RGB).tif,NCIH2170_TOTAL_HER2_R1_G2_24_10_22_Merge(RGB),282,4,278
NCIH2170_HIGH_HER2_R1_G2_24_10_3_Merge(RGB).tif,NCIH2170_HIGH_HER2_R1_G2_24_10_3_Merge(RGB),337,9,328
NCIH2170_TOTAL_HER2_R1_G0_2501_21B_Merge.tif (RGB).tif,NCIH2170_TOTAL_HER2_R1_G0_2501_21B,129,2,127
NCIH2170_TOTAL_HER2_R1_G0_2501_71_Merge.tif (RGB).tif,NCIH2170_TOTAL_HER2_R1_G0_2501_71,88,0,88
NCIH2170_LOW_HER2_R1_G1_2404_25_Merge(RGB).tif,NCIH2170_LOW_HER2_R1_G1_2404_25_Merge(RGB),65,0,65
NCIH2170_HIGH_HER2_R1_G1_2404_S2_96_Merge(RGB).tif,NCIH2170_HIGH_HER2_R1_G1_2404_S2_96_Merge(RGB),263,10,253
NCIH2170_LOW_HER2_R1_G0_2501_91_Merge.tif (RGB).tif,NCIH2170_LOW_HER2_R1_G0_2501_91,66,1,65
NCIH2170_TOTAL_HER2_R1_G0_2501_68_Merge.tif (RGB).tif,NCIH2170_TOTAL_HER2_R1_G0_2501_68,206,0,206
NCIH2170_HIGH_HER2_R1_G0_2501_107_Merge.tif (RGB).tif,NCIH2170_HIGH_HER2_R1_G0_2501_107,301,2,299
NCIH2170_HIGH_HER2_R1_G1_2404_S2_99_Merge(RGB).tif,NCIH2170_HIGH_HER2_R1_G1_2404_S2_99_Merge(RGB),255,0,255
NCIH2170_HIGH_HER2_R1_G2_24_10_125_Merge(RGB).tif,NCIH2170_HIGH_HER2_R1_G2_24_10_125_Merge(RGB),235,2,233
NCIH2170_LOW_HER2_R1_G2_24_10_24_Merge(RGB).tif,NCIH2170_LOW_HER2_R1_G2_24_10_24_Merge(RGB),83,0,83
NCIH2170_HIGH_HER2_R1_G0_2501_51_Merge.tif (RGB).tif,NCIH2170_HIGH_HER2_R1_G0_2501_51,151,14,137
NCIH2170_TOTAL_HER2_R1_G0_2501_84_Merge.tif (RGB).tif,NCIH2170_TOTAL_HER2_R1_G0_2501_84,83,0,83
NCIH2170_LOW_HER2_R1_G1_2404_22_Merge(RGB).tif,NCIH2170_LOW_HER2_R1_G1_2404_22_Merge(RGB),34,3,31
NCIH2170_LOW_HER2_R1_G2_24_10_39_Merge(RGB).tif,NCIH2170_LOW_HER2_R1_G2_24_10_39_Merge(RGB),121,0,121
NCIH2170_LOW_HER2_R1_G1_2404_72_Merge(RGB).tif,NCIH2170_LOW_HER2_R1_G1_2404_72_Merge(RGB),72,21,51
NCIH2170_TOTAL_HER2_R1_G0_2501_63_Merge.tif (RGB).tif,NCIH2170_TOTAL_HER2_R1_G0_2501_63,757,0,757
NCIH2170_LOW_HER2_R1_G0_2501_124_Merge.tif (RGB).tif,NCIH2170_LOW_HER2_R1_G0_2501_124,176,7,169
NCIH2170_TOTAL_HER2_R1_G0_2501_85_Merge.tif (RGB).tif,NCIH2170_TOTAL_HER2_R1_G0_2501_85,364,1,363
NCIH2170_LOW_HER2_R1_G2_24_10_120_Merge(RGB).tif,NCIH2170_LOW_HER2_R1_G2_24_10_120_Merge(RGB),106,1,105
NCIH2170_HIGH_HER2_R1_G2_24_10_60_Merge(RGB).tif,NCIH2170_HIGH_HER2_R1_G2_24_10_60_Merge(RGB),408,4,404
NCIH2170_LOW_HER2_R1_G1_2404_67_Merge(RGB).tif,NCIH2170_LOW_HER2_R1_G1_2404_67_Merge(RGB),97,10,87
NCIH2170_LOW_HER2_R1_G1_2404_83_Merge(RGB).tif,NCIH2170_LOW_HER2_R1_G1_2404_83_Merge(RGB),137,0,137
NCIH2170_TOTAL_HER2_R1_G0_2501_112_Merge.tif (RGB).tif,NCIH2170_TOTAL_HER2_R1_G0_2501_112,94,0,94
NCIH2170_TOTAL_HER2_R1_G1_2404_5_Merge(RGB).tif,NCIH2170_TOTAL_HER2_R1_G1_2404_5_Merge(RGB),84,7,77
NCIH2170_HIGH_HER2_R1_G1_2404_S2_55_Merge(RGB).tif,NCIH2170_HIGH_HER2_R1_G1_2404_S2_55_Merge(RGB),283,0,283
NCIH2170_LOW_HER2_R1_G2_24_10_101_Merge(RGB).tif,NCIH2170_LOW_HER2_R1_G2_24_10_101_Merge(RGB),182,0,182
NCIH2170_LOW_HER2_R1_G1_2404_35_Merge(RGB).tif,NCIH2170_LOW_HER2_R1_G1_2404_35_Merge(RGB),328,3,325
NCIH2170_LOW_HER2_R1_G2_24_10_30_Merge(RGB).tif,NCIH2170_LOW_HER2_R1_G2_24_10_30_Merge(RGB),239,5,234
NCIH2170_LOW_HER2_R1_G2_24_10_106_Merge(RGB).tif,NCIH2170_LOW_HER2_R1_G2_24_10_106_Merge(RGB),136,12,124
NCIH2170_TOTAL_HER2_R1_G0_2501_32_Merge.tif (RGB).tif,NCIH2170_TOTAL_HER2_R1_G0_2501_32,86,0,86
NCIH2170_LOW_HER2_R1_G2_24_10_42_Merge(RGB).tif,NCIH2170_LOW_HER2_R1_G2_24_10_42_Merge(RGB),149,24,125
NCIH2170_LOW_HER2_R1_G2_24_10_128_Merge(RGB).tif,NCIH2170_LOW_HER2_R1_G2_24_10_128_Merge(RGB),198,33,165
NCIH2170_HIGH_HER2_R1_G2_24_10_46_Merge(RGB).tif,NCIH2170_HIGH_HER2_R1_G2_24_10_46_Merge(RGB),329,9,320
NCIH2170_HIGH_HER2_R1_G1_2404_S2_85_Merge(RGB).tif,NCIH2170_HIGH_HER2_R1_G1_2404_S2_85_Merge(RGB),262,0,262
NCIH2170_HIGH_HER2_R1_G0_2501_123_Merge.tif (RGB).tif,NCIH2170_HIGH_HER2_R1_G0_2501_123,218,15,203
NCIH2170_HIGH_HER2_R1_G0_2501_94_Merge.tif (RGB).tif,NCIH2170_HIGH_HER2_R1_G0_2501_94,421,15,406
NCIH2170_HIGH_HER2_R1_G2_24_10_101_Merge(RGB).tif,NCIH2170_HIGH_HER2_R1_G2_24_10_101_Merge(RGB),116,5,111
NCIH2170_LOW_HER2_R1_G0_2501_100_Merge.tif (RGB).tif,NCIH2170_LOW_HER2_R1_G0_2501_100,102,2,100
NCIH2170_LOW_HER2_R1_G0_2501_60_Merge.tif (RGB).tif,NCIH2170_LOW_HER2_R1_G0_2501_60,97,3,94
NCIH2170_HIGH_HER2_R1_G0_2501_39_Merge.tif (RGB).tif,NCIH2170_HIGH_HER2_R1_G0_2501_39,148,5,143
NCIH2170_HIGH_HER2_R1_G1_2404_S2_2_Merge(RGB).tif,NCIH2170_HIGH_HER2_R1_G1_2404_S2_2_Merge(RGB),107,3,104
NCIH2170_LOW_HER2_R1_G0_2501_17_Merge.tif (RGB).tif,NCIH2170_LOW_HER2_R1_G0_2501_17,104,3,101
NCIH2170_HIGH_HER2_R1_G1_2404_S2_122_Merge(RGB).tif,NCIH2170_HIGH_HER2_R1_G1_2404_S2_122_Merge(RGB),258,11,247
NCIH2170_TOTAL_HER2_R1_G0_2501_47A_Merge.tif (RGB).tif,NCIH2170_TOTAL_HER2_R1_G0_2501_47A,232,0,232
NCIH2170_HIGH_HER2_R1_G1_2404_S2_111_Merge(RGB).tif,NCIH2170_HIGH_HER2_R1_G1_2404_S2_111_Merge(RGB),100,5,95
NCIH2170_TOTAL_HER2_R1_G0_2501_37_Merge.tif (RGB).tif,NCIH2170_TOTAL_HER2_R1_G0_2501_37,431,6,425
NCIH2170_HIGH_HER2_R1_G1_2404_S2_36_Merge(RGB).tif,NCIH2170_HIGH_HER2_R1_G1_2404_S2_36_Merge(RGB),309,0,309
NCIH2170_LOW_HER2_R1_G2_24_10_84_Merge(RGB).tif,NCIH2170_LOW_HER2_R1_G2_24_10_84_Merge(RGB),268,12,256
NCIH2170_LOW_HER2_R1_G0_2501_14_Merge.tif (RGB).tif,NCIH2170_LOW_HER2_R1_G0_2501_14,177,4,173
NCIH2170_TOTAL_HER2_R1_G1_2404_9_Merge(RGB).tif,NCIH2170_TOTAL_HER2_R1_G1_2404_9_Merge(RGB),178,7,171
NCIH2170_HIGH_HER2_R1_G1_2404_S2_93_Merge(RGB).tif,NCIH2170_HIGH_HER2_R1_G1_2404_S2_93_Merge(RGB),98,5,93
NCIH2170_LOW_HER2_R1_G2_24_10_69_Merge(RGB).tif,NCIH2170_LOW_HER2_R1_G2_24_10_69_Merge(RGB),232,0,232
NCIH2170_HIGH_HER2_R1_G1_2404_S2_1_Merge(RGB).tif,NCIH2170_HIGH_HER2_R1_G1_2404_S2_1_Merge(RGB),160,4,156
NCIH2170_HIGH_HER2_R1_G0_2501_96_Merge.tif (RGB).tif,NCIH2170_HIGH_HER2_R1_G0_2501_96,194,2,192
NCIH2170_LOW_HER2_R1_G0_2501_62_Merge.tif (RGB).tif,NCIH2170_LOW_HER2_R1_G0_2501_62,138,15,123
NCIH2170_TOTAL_HER2_R1_G0_2501_53_Merge.tif (RGB).tif,NCIH2170_TOTAL_HER2_R1_G0_2501_53,150,5,145
NCIH2170_LOW_HER2_R1_G1_2404_20_Merge(RGB).tif,NCIH2170_LOW_HER2_R1_G1_2404_20_Merge(RGB),109,0,109
NCIH2170_HIGH_HER2_R1_G1_2404_S2_45_Merge(RGB).tif,NCIH2170_HIGH_HER2_R1_G1_2404_S2_45_Merge(RGB),813,0,813
NCIH2170_LOW_HER2_R1_G1_2404_10_Merge(RGB).tif,NCIH2170_LOW_HER2_R1_G1_2404_10_Merge(RGB),100,11,89
NCIH2170_HIGH_HER2_R1_G2_24_10_91_Merge(RGB).tif,NCIH2170_HIGH_HER2_R1_G2_24_10_91_Merge(RGB),128,28,100
NCIH2170_LOW_HER2_R1_G1_2404_42_Merge(RGB).tif,NCIH2170_LOW_HER2_R1_G1_2404_42_Merge(RGB),78,25,53
NCIH2170_TOTAL_HER2_R1_G2_24_10_66_Merge(RGB).tif,NCIH2170_TOTAL_HER2_R1_G2_24_10_66_Merge(RGB),180,7,173
NCIH2170_HIGH_HER2_R1_G0_2501_110_Merge.tif (RGB).tif,NCIH2170_HIGH_HER2_R1_G0_2501_110,190,2,188
NCIH2170_LOW_HER2_R1_G0_2501_109_Merge.tif (RGB).tif,NCIH2170_LOW_HER2_R1_G0_2501_109,135,14,121
NCIH2170_LOW_HER2_R1_G0_2501_5_Merge.tif (RGB).tif,NCIH2170_LOW_HER2_R1_G0_2501_5,87,0,87
NCIH2170_HIGH_HER2_R1_G2_24_10_49_Merge(RGB).tif,NCIH2170_HIGH_HER2_R1_G2_24_10_49_Merge(RGB),127,4,123
NCIH2170_TOTAL_HER2_R1_G0_2501_56B_Merge.tif (RGB).tif,NCIH2170_TOTAL_HER2_R1_G0_2501_56B,181,13,168
NCIH2170_LOW_HER2_R1_G2_24_10_52_Merge(RGB).tif,NCIH2170_LOW_HER2_R1_G2_24_10_52_Merge(RGB),164,6,158
NCIH2170_TOTAL_HER2_R1_G1_2404_42_Merge(RGB).tif,NCIH2170_TOTAL_HER2_R1_G1_2404_42_Merge(RGB),202,0,202
NCIH2170_TOTAL_HER2_R1_G0_2501_106_Merge.tif (RGB).tif,NCIH2170_TOTAL_HER2_R1_G0_2501_106,132,0,132
NCIH2170_HIGH_HER2_R1_G2_24_10_27_Merge(RGB).tif,NCIH2170_HIGH_HER2_R1_G2_24_10_27_Merge(RGB),204,1,203
NCIH2170_HIGH_HER2_R1_G2_24_10_20_Merge(RGB).tif,NCIH2170_HIGH_HER2_R1_G2_24_10_20_Merge(RGB),486,15,471
NCIH2170_HIGH_HER2_R1_G0_2501_24_Merge.tif (RGB).tif,NCIH2170_HIGH_HER2_R1_G0_2501_24,155,21,134
NCIH2170_HIGH_HER2_R1_G2_24_10_15A_Merge(RGB).tif,NCIH2170_HIGH_HER2_R1_G2_24_10_15A_Merge(RGB),398,21,377
NCIH2170_HIGH_HER2_R1_G0_2501_122_Merge.tif (RGB).tif,NCIH2170_HIGH_HER2_R1_G0_2501_122,205,5,200
NCIH2170_LOW_HER2_R1_G0_2501_19_Merge.tif (RGB).tif,NCIH2170_LOW_HER2_R1_G0_2501_19,428,3,425
NCIH2170_TOTAL_HER2_R1_G0_2501_98_Merge.tif (RGB).tif,NCIH2170_TOTAL_HER2_R1_G0_2501_98,233,0,233
NCIH2170_HIGH_HER2_R1_G1_2404_S2_100_Merge(RGB).tif,NCIH2170_HIGH_HER2_R1_G1_2404_S2_100_Merge(RGB),157,0,157
NCIH2170_TOTAL_HER2_R1_G1_2404_46_Merge(RGB).tif,NCIH2170_TOTAL_HER2_R1_G1_2404_46_Merge(RGB),266,11,255
NCIH2170_HIGH_HER2_R1_G1_2404_S2_79_Merge(RGB).tif,NCIH2170_HIGH_HER2_R1_G1_2404_S2_79_Merge(RGB),155,8,147
NCIH2170_LOW_HER2_R1_G0_2501_72_Merge.tif (RGB).tif,NCIH2170_LOW_HER2_R1_G0_2501_72,273,4,269
NCIH2170_HIGH_HER2_R1_G1_2404_S2_7_Merge(RGB).tif,NCIH2170_HIGH_HER2_R1_G1_2404_S2_7_Merge(RGB),190,8,182
NCIH2170_LOW_HER2_R1_G0_2501_75_Merge.tif (RGB).tif,NCIH2170_LOW_HER2_R1_G0_2501_75,232,1,231
NCIH2170_LOW_HER2_R1_G1_2404_8_Merge(RGB).tif,NCIH2170_LOW_HER2_R1_G1_2404_8_Merge(RGB),113,0,113
NCIH2170_HIGH_HER2_R1_G2_24_10_76_Merge(RGB).tif,NCIH2170_HIGH_HER2_R1_G2_24_10_76_Merge(RGB),316,28,288
NCIH2170_TOTAL_HER2_R1_G1_2404_105_Merge(RGB).tif,NCIH2170_TOTAL_HER2_R1_G1_2404_105_Merge(RGB),108,4,104
NCIH2170_TOTAL_HER2_R1_G0_2501_15_Merge.tif (RGB).tif,NCIH2170_TOTAL_HER2_R1_G0_2501_15,182,2,180
NCIH2170_HIGH_HER2_R1_G1_2404_S2_35_Merge(RGB).tif,NCIH2170_HIGH_HER2_R1_G1_2404_S2_35_Merge(RGB),130,19,111
NCIH2170_LOW_HER2_R1_G2_24_10_90_Merge(RGB).tif,NCIH2170_LOW_HER2_R1_G2_24_10_90_Merge(RGB),388,11,377
NCIH2170_TOTAL_HER2_R1_G2_24_10_14_Merge(RGB).tif,NCIH2170_TOTAL_HER2_R1_G2_24_10_14_Merge(RGB),120,2,118
NCIH2170_HIGH_HER2_R1_G1_2404_S2_40_Merge(RGB).tif,NCIH2170_HIGH_HER2_R1_G1_2404_S2_40_Merge(RGB),177,0,177
NCIH2170_HIGH_HER2_R1_G2_24_10_14_Merge(RGB).tif,NCIH2170_HIGH_HER2_R1_G2_24_10_14_Merge(RGB),375,7,368
NCIH2170_HIGH_HER2_R1_G1_2404_S2_23_Merge(RGB).tif,NCIH2170_HIGH_HER2_R1_G1_2404_S2_23_Merge(RGB),327,3,324
NCIH2170_TOTAL_HER2_R1_G0_2501_114B_Merge.tif (RGB).tif,NCIH2170_TOTAL_HER2_R1_G0_2501_114B,164,4,160
NCIH2170_LOW_HER2_R1_G1_2404_77_Merge(RGB).tif,NCIH2170_LOW_HER2_R1_G1_2404_77_Merge(RGB),138,3,135
NCIH2170_LOW_HER2_R1_G2_24_10_9_Merge(RGB).tif,NCIH2170_LOW_HER2_R1_G2_24_10_9_Merge(RGB),236,2,234
NCIH2170_HIGH_HER2_R1_G0_2501_111_Merge.tif (RGB).tif,NCIH2170_HIGH_HER2_R1_G0_2501_111,307,2,305
NCIH2170_LOW_HER2_R1_G2_24_10_91_Merge(RGB).tif,NCIH2170_LOW_HER2_R1_G2_24_10_91_Merge(RGB),177,19,158
NCIH2170_LOW_HER2_R1_G1_2404_75_Merge(RGB).tif,NCIH2170_LOW_HER2_R1_G1_2404_75_Merge(RGB),472,6,466
NCIH2170_LOW_HER2_R1_G0_2501_10_Merge.tif (RGB).tif,NCIH2170_LOW_HER2_R1_G0_2501_10,157,13,144
NCIH2170_HIGH_HER2_R1_G0_2501_38_Merge.tif (RGB).tif,NCIH2170_HIGH_HER2_R1_G0_2501_38,138,3,135
NCIH2170_HIGH_HER2_R1_G1_2404_S2_112_Merge(RGB).tif,NCIH2170_HIGH_HER2_R1_G1_2404_S2_112_Merge(RGB),289,9,280
NCIH2170_HIGH_HER2_R1_G1_2404_S2_124_Merge(RGB).tif,NCIH2170_HIGH_HER2_R1_G1_2404_S2_124_Merge(RGB),51,1,50
NCIH2170_TOTAL_HER2_R1_G0_2501_8_Merge.tif (RGB).tif,NCIH2170_TOTAL_HER2_R1_G0_2501_8,193,8,185
NCIH2170_LOW_HER2_R1_G0_2501_88_Merge.tif (RGB).tif,NCIH2170_LOW_HER2_R1_G0_2501_88,357,5,352
NCIH2170_TOTAL_HER2_R1_G0_2501_122_Merge.tif (RGB).tif,NCIH2170_TOTAL_HER2_R1_G0_2501_122,91,0,91
NCIH2170_LOW_HER2_R1_G2_24_10_18_Merge(RGB).tif,NCIH2170_LOW_HER2_R1_G2_24_10_18_Merge(RGB),239,4,235
NCIH2170_HIGH_HER2_R1_G1_2404_S2_13_Merge(RGB).tif,NCIH2170_HIGH_HER2_R1_G1_2404_S2_13_Merge(RGB),478,28,450
NCIH2170_TOTAL_HER2_R1_G1_2404_45_Merge(RGB).tif,NCIH2170_TOTAL_HER2_R1_G1_2404_45_Merge(RGB),46,2,44
NCIH2170_LOW_HER2_R1_G2_24_10_112_Merge(RGB).tif,NCIH2170_LOW_HER2_R1_G2_24_10_112_Merge(RGB),230,25,205
NCIH2170_LOW_HER2_R1_G0_2501_27_Merge.tif (RGB).tif,NCIH2170_LOW_HER2_R1_G0_2501_27,188,9,179
NCIH2170_HIGH_HER2_R1_G1_2404_S2_5_Merge(RGB).tif,NCIH2170_HIGH_HER2_R1_G1_2404_S2_5_Merge(RGB),352,0,352
NCIH2170_TOTAL_HER2_R1_G0_2501_64_Merge.tif (RGB).tif,NCIH2170_TOTAL_HER2_R1_G0_2501_64,170,1,169
NCIH2170_HIGH_HER2_R1_G0_2501_6_Merge.tif (RGB).tif,NCIH2170_HIGH_HER2_R1_G0_2501_6,237,3,234
NCIH2170_LOW_HER2_R1_G2_24_10_110_Merge(RGB).tif,NCIH2170_LOW_HER2_R1_G2_24_10_110_Merge(RGB),249,7,242
NCIH2170_TOTAL_HER2_R1_G2_24_10_124_Merge(RGB).tif,NCIH2170_TOTAL_HER2_R1_G2_24_10_124_Merge(RGB),225,0,225
NCIH2170_TOTAL_HER2_R1_G1_2404_101_Merge(RGB).tif,NCIH2170_TOTAL_HER2_R1_G1_2404_101_Merge(RGB),261,97,164
NCIH2170_HIGH_HER2_R1_G0_2501_61_Merge.tif (RGB).tif,NCIH2170_HIGH_HER2_R1_G0_2501_61,287,0,287
NCIH2170_LOW_HER2_R1_G0_2501_89_Merge.tif (RGB).tif,NCIH2170_LOW_HER2_R1_G0_2501_89,70,14,56
NCIH2170_LOW_HER2_R1_G0_2501_9_Merge.tif (RGB).tif,NCIH2170_LOW_HER2_R1_G0_2501_9,120,2,118
NCIH2170_LOW_HER2_R1_G2_24_10_10_Merge(RGB).tif,NCIH2170_LOW_HER2_R1_G2_24_10_10_Merge(RGB),163,9,154
NCIH2170_HIGH_HER2_R1_G2_24_10_81_Merge(RGB).tif,NCIH2170_HIGH_HER2_R1_G2_24_10_81_Merge(RGB),350,3,347
NCIH2170_TOTAL_HER2_R1_G2_24_10_13_Merge(RGB).tif,NCIH2170_TOTAL_HER2_R1_G2_24_10_13_Merge(RGB),197,11,186
NCIH2170_LOW_HER2_R1_G1_2404_61_Merge(RGB).tif,NCIH2170_LOW_HER2_R1_G1_2404_61_Merge(RGB),159,2,157
NCIH2170_LOW_HER2_R1_G1_2404_7_Merge(RGB).tif,NCIH2170_LOW_HER2_R1_G1_2404_7_Merge(RGB),402,0,402
NCIH2170_HIGH_HER2_R1_G1_2404_S2_22_Merge(RGB).tif,NCIH2170_HIGH_HER2_R1_G1_2404_S2_22_Merge(RGB),111,4,107
NCIH2170_LOW_HER2_R1_G1_2404_40_Merge(RGB).tif,NCIH2170_LOW_HER2_R1_G1_2404_40_Merge(RGB),393,3,390
NCIH2170_TOTAL_HER2_R1_G2_24_10_67_Merge(RGB).tif,NCIH2170_TOTAL_HER2_R1_G2_24_10_67_Merge(RGB),486,8,478
NCIH2170_HIGH_HER2_R1_G0_2501_80_Merge.tif (RGB).tif,NCIH2170_HIGH_HER2_R1_G0_2501_80,116,7,109
NCIH2170_TOTAL_HER2_R1_G0_2501_42_Merge.tif (RGB).tif,NCIH2170_TOTAL_HER2_R1_G0_2501_42,400,3,397
NCIH2170_TOTAL_HER2_R1_G1_2404_85_Merge(RGB).tif,NCIH2170_TOTAL_HER2_R1_G1_2404_85_Merge(RGB),235,2,233
NCIH2170_TOTAL_HER2_R1_G0_2501_51_Merge.tif (RGB).tif,NCIH2170_TOTAL_HER2_R1_G0_2501_51,138,0,138
NCIH2170_HIGH_HER2_R1_G2_24_10_5_Merge(RGB).tif,NCIH2170_HIGH_HER2_R1_G2_24_10_5_Merge(RGB),254,8,246
NCIH2170_TOTAL_HER2_R1_G1_2404_67_Merge(RGB).tif,NCIH2170_TOTAL_HER2_R1_G1_2404_67_Merge(RGB),262,0,262
NCIH2170_TOTAL_HER2_R1_G2_24_10_97_Merge(RGB).tif,NCIH2170_TOTAL_HER2_R1_G2_24_10_97_Merge(RGB),48,0,48
NCIH2170_HIGH_HER2_R1_G2_24_10_105A_Merge(RGB).tif,NCIH2170_HIGH_HER2_R1_G2_24_10_105A_Merge(RGB),98,10,88
NCIH2170_HIGH_HER2_R1_G1_2404_S2_104_Merge(RGB).tif,NCIH2170_HIGH_HER2_R1_G1_2404_S2_104_Merge(RGB),282,0,282
NCIH2170_TOTAL_HER2_R1_G1_2404_24_Merge(RGB).tif,NCIH2170_TOTAL_HER2_R1_G1_2404_24_Merge(RGB),101,3,98
NCIH2170_HIGH_HER2_R1_G2_24_10_114_Merge(RGB).tif,NCIH2170_HIGH_HER2_R1_G2_24_10_114_Merge(RGB),209,4,205
NCIH2170_TOTAL_HER2_R1_G2_24_10_48_Merge(RGB).tif,NCIH2170_TOTAL_HER2_R1_G2_24_10_48_Merge(RGB),183,0,183
NCIH2170_TOTAL_HER2_R1_G0_2501_18_Merge.tif (RGB).tif,NCIH2170_TOTAL_HER2_R1_G0_2501_18,155,13,142
NCIH2170_LOW_HER2_R1_G2_24_10_117_Merge(RGB).tif,NCIH2170_LOW_HER2_R1_G2_24_10_117_Merge(RGB),295,5,290
NCIH2170_TOTAL_HER2_R1_G2_24_10_107_Merge(RGB).tif,NCIH2170_TOTAL_HER2_R1_G2_24_10_107_Merge(RGB),134,0,134
NCIH2170_LOW_HER2_R1_G1_2404_78_Merge(RGB).tif,NCIH2170_LOW_HER2_R1_G1_2404_78_Merge(RGB),169,7,162
NCIH2170_HIGH_HER2_R1_G0_2501_63_Merge.tif (RGB).tif,NCIH2170_HIGH_HER2_R1_G0_2501_63,339,28,311
NCIH2170_LOW_HER2_R1_G2_24_10_85_Merge(RGB).tif,NCIH2170_LOW_HER2_R1_G2_24_10_85_Merge(RGB),344,1,343
NCIH2170_TOTAL_HER2_R1_G1_2404_43_Merge(RGB).tif,NCIH2170_TOTAL_HER2_R1_G1_2404_43_Merge(RGB),182,5,177
NCIH2170_HIGH_HER2_R1_G0_2501_45_Merge.tif (RGB).tif,NCIH2170_HIGH_HER2_R1_G0_2501_45,147,13,134
NCIH2170_TOTAL_HER2_R1_G1_2404_96_Merge(RGB).tif,NCIH2170_TOTAL_HER2_R1_G1_2404_96_Merge(RGB),188,13,175
NCIH2170_HIGH_HER2_R1_G1_2404_S2_128_Merge(RGB).tif,NCIH2170_HIGH_HER2_R1_G1_2404_S2_128_Merge(RGB),189,9,180
NCIH2170_HIGH_HER2_R1_G0_2501_3_Merge.tif (RGB).tif,NCIH2170_HIGH_HER2_R1_G0_2501_3,192,8,184
NCIH2170_LOW_HER2_R1_G2_24_10_80_Merge(RGB).tif,NCIH2170_LOW_HER2_R1_G2_24_10_80_Merge(RGB),137,16,121
NCIH2170_HIGH_HER2_R1_G0_2501_21_Merge.tif (RGB).tif,NCIH2170_HIGH_HER2_R1_G0_2501_21,117,5,112
NCIH2170_LOW_HER2_R1_G2_24_10_11A_Merge(RGB).tif,NCIH2170_LOW_HER2_R1_G2_24_10_11A_Merge(RGB),141,13,128
NCIH2170_LOW_HER2_R1_G0_2501_94_Merge.tif (RGB).tif,NCIH2170_LOW_HER2_R1_G0_2501_94,51,0,51
NCIH2170_TOTAL_HER2_R1_G2_24_10_39_Merge(RGB).tif,NCIH2170_TOTAL_HER2_R1_G2_24_10_39_Merge(RGB),245,16,229
NCIH2170_HIGH_HER2_R1_G0_2501_126_Merge.tif (RGB).tif,NCIH2170_HIGH_HER2_R1_G0_2501_126,141,3,138
NCIH2170_LOW_HER2_R1_G2_24_10_109_Merge(RGB).tif,NCIH2170_LOW_HER2_R1_G2_24_10_109_Merge(RGB),124,3,121
NCIH2170_HIGH_HER2_R1_G2_24_10_106_Merge(RGB).tif,NCIH2170_HIGH_HER2_R1_G2_24_10_106_Merge(RGB),483,14,469
NCIH2170_TOTAL_HER2_R1_G1_2404_107_Merge(RGB).tif,NCIH2170_TOTAL_HER2_R1_G1_2404_107_Merge(RGB),63,1,62
NCIH2170_LOW_HER2_R1_G0_2501_122_Merge.tif (RGB).tif,NCIH2170_LOW_HER2_R1_G0_2501_122,68,1,67
NCIH2170_HIGH_HER2_R1_G1_2404_S2_6_Merge(RGB).tif,NCIH2170_HIGH_HER2_R1_G1_2404_S2_6_Merge(RGB),141,0,141
NCIH2170_HIGH_HER2_R1_G0_2501_13_Merge.tif (RGB).tif,NCIH2170_HIGH_HER2_R1_G0_2501_13,177,4,173
NCIH2170_HIGH_HER2_R1_G0_2501_124_Merge.tif (RGB).tif,NCIH2170_HIGH_HER2_R1_G0_2501_124,330,4,326
NCIH2170_LOW_HER2_R1_G1_2404_43_Merge(RGB).tif,NCIH2170_LOW_HER2_R1_G1_2404_43_Merge(RGB),75,1,74
NCIH2170_LOW_HER2_R1_G0_2501_8_Merge.tif (RGB).tif,NCIH2170_LOW_HER2_R1_G0_2501_8,97,0,97
NCIH2170_LOW_HER2_R1_G0_2501_87_Merge.tif (RGB).tif,NCIH2170_LOW_HER2_R1_G0_2501_87,237,5,232
NCIH2170_LOW_HER2_R1_G1_2404_24_Merge(RGB).tif,NCIH2170_LOW_HER2_R1_G1_2404_24_Merge(RGB),222,4,218
NCIH2170_LOW_HER2_R1_G2_24_10_114_Merge(RGB).tif,NCIH2170_LOW_HER2_R1_G2_24_10_114_Merge(RGB),277,3,274
NCIH2170_LOW_HER2_R1_G1_2404_34_Merge(RGB).tif,NCIH2170_LOW_HER2_R1_G1_2404_34_Merge(RGB),140,3,137
NCIH2170_TOTAL_HER2_R1_G0_2501_89_Merge.tif (RGB).tif,NCIH2170_TOTAL_HER2_R1_G0_2501_89,270,1,269
NCIH2170_LOW_HER2_R1_G2_24_10_93A_Merge(RGB).tif,NCIH2170_LOW_HER2_R1_G2_24_10_93A_Merge(RGB),92,2,90
NCIH2170_LOW_HER2_R1_G2_24_10_73_Merge(RGB).tif,NCIH2170_LOW_HER2_R1_G2_24_10_73_Merge(RGB),131,10,121
NCIH2170_TOTAL_HER2_R1_G0_2501_79_Merge.tif (RGB).tif,NCIH2170_TOTAL_HER2_R1_G0_2501_79,134,0,134
NCIH2170_LOW_HER2_R1_G2_24_10_41_Merge(RGB).tif,NCIH2170_LOW_HER2_R1_G2_24_10_41_Merge(RGB),370,1,369
NCIH2170_HIGH_HER2_R1_G1_2404_S2_109_Merge(RGB).tif,NCIH2170_HIGH_HER2_R1_G1_2404_S2_109_Merge(RGB),215,0,215
NCIH2170_HIGH_HER2_R1_G0_2501_112_Merge.tif (RGB).tif,NCIH2170_HIGH_HER2_R1_G0_2501_112,431,25,406
NCIH2170_TOTAL_HER2_R1_G2_24_10_59_Merge(RGB).tif,NCIH2170_TOTAL_HER2_R1_G2_24_10_59_Merge(RGB),585,0,585
NCIH2170_LOW_HER2_R1_G2_24_10_29_Merge(RGB).tif,NCIH2170_LOW_HER2_R1_G2_24_10_29_Merge(RGB),248,3,245
NCIH2170_TOTAL_HER2_R1_G0_2501_26A_Merge.tif (RGB).tif,NCIH2170_TOTAL_HER2_R1_G0_2501_26A,190,0,190
NCIH2170_HIGH_HER2_R1_G2_24_10_55_Merge(RGB).tif,NCIH2170_HIGH_HER2_R1_G2_24_10_55_Merge(RGB),216,10,206
NCIH2170_LOW_HER2_R1_G1_2404_45_Merge(RGB).tif,NCIH2170_LOW_HER2_R1_G1_2404_45_Merge(RGB),121,21,100
NCIH2170_HIGH_HER2_R1_G0_2501_78_Merge.tif (RGB).tif,NCIH2170_HIGH_HER2_R1_G0_2501_78,281,5,276
NCIH2170_TOTAL_HER2_R1_G1_2404_88_Merge(RGB).tif,NCIH2170_TOTAL_HER2_R1_G1_2404_88_Merge(RGB),203,1,202
NCIH2170_HIGH_HER2_R1_G2_24_10_38_Merge(RGB).tif,NCIH2170_HIGH_HER2_R1_G2_24_10_38_Merge(RGB),162,3,159
NCIH2170_LOW_HER2_R1_G0_2501_29_Merge.tif (RGB).tif,NCIH2170_LOW_HER2_R1_G0_2501_29,143,3,140
NCIH2170_LOW_HER2_R1_G1_2404_37_Merge(RGB).tif,NCIH2170_LOW_HER2_R1_G1_2404_37_Merge(RGB),324,5,319
NCIH2170_LOW_HER2_R1_G0_2501_113_Merge.tif (RGB).tif,NCIH2170_LOW_HER2_R1_G0_2501_113,113,0,113
NCIH2170_LOW_HER2_R1_G2_24_10_70_Merge(RGB).tif,NCIH2170_LOW_HER2_R1_G2_24_10_70_Merge(RGB),200,2,198
NCIH2170_TOTAL_HER2_R1_G2_24_10_113_Merge(RGB).tif,NCIH2170_TOTAL_HER2_R1_G2_24_10_113_Merge(RGB),182,1,181
NCIH2170_TOTAL_HER2_R1_G2_24_10_83_Merge(RGB).tif,NCIH2170_TOTAL_HER2_R1_G2_24_10_83_Merge(RGB),252,0,252
NCIH2170_TOTAL_HER2_R1_G0_2501_91_Merge.tif (RGB).tif,NCIH2170_TOTAL_HER2_R1_G0_2501_91,227,1,226
NCIH2170_HIGH_HER2_R1_G2_24_10_28_Merge(RGB).tif,NCIH2170_HIGH_HER2_R1_G2_24_10_28_Merge(RGB),123,6,117
NCIH2170_TOTAL_HER2_R1_G0_2501_45_Merge.tif (RGB).tif,NCIH2170_TOTAL_HER2_R1_G0_2501_45,205,9,196
NCIH2170_LOW_HER2_R1_G1_2404_66_Merge(RGB).tif,NCIH2170_LOW_HER2_R1_G1_2404_66_Merge(RGB),250,2,248
NCIH2170_HIGH_HER2_R1_G1_2404_S2_116_Merge(RGB).tif,NCIH2170_HIGH_HER2_R1_G1_2404_S2_116_Merge(RGB),225,0,225
NCIH2170_HIGH_HER2_R1_G1_2404_S2_34_Merge(RGB).tif,NCIH2170_HIGH_HER2_R1_G1_2404_S2_34_Merge(RGB),328,0,328
NCIH2170_HIGH_HER2_R1_G2_24_10_103_Merge(RGB).tif,NCIH2170_HIGH_HER2_R1_G2_24_10_103_Merge(RGB),187,9,178
NCIH2170_HIGH_HER2_R1_G2_24_10_51_Merge(RGB).tif,NCIH2170_HIGH_HER2_R1_G2_24_10_51_Merge(RGB),95,10,85
NCIH2170_TOTAL_HER2_R1_G1_2404_98_Merge(RGB).tif,NCIH2170_TOTAL_HER2_R1_G1_2404_98_Merge(RGB),71,0,71
NCIH2170_TOTAL_HER2_R1_G0_2501_101_Merge.tif (RGB).tif,NCIH2170_TOTAL_HER2_R1_G0_2501_101,112,0,112
NCIH2170_TOTAL_HER2_R1_G1_2404_4_Merge(RGB).tif,NCIH2170_TOTAL_HER2_R1_G1_2404_4_Merge(RGB),170,0,170
NCIH2170_TOTAL_HER2_R1_G0_2501_54_Merge.tif (RGB).tif,NCIH2170_TOTAL_HER2_R1_G0_2501_54,142,9,133
NCIH2170_LOW_HER2_R1_G2_24_10_61_Merge(RGB).tif,NCIH2170_LOW_HER2_R1_G2_24_10_61_Merge(RGB),99,0,99
NCIH2170_HIGH_HER2_R1_G0_2501_113_Merge.tif (RGB).tif,NCIH2170_HIGH_HER2_R1_G0_2501_113,133,10,123
NCIH2170_HIGH_HER2_R1_G0_2501_7_Merge.tif (RGB).tif,NCIH2170_HIGH_HER2_R1_G0_2501_7,383,5,378
NCIH2170_HIGH_HER2_R1_G2_24_10_86_Merge(RGB).tif,NCIH2170_HIGH_HER2_R1_G2_24_10_86_Merge(RGB),246,1,245
NCIH2170_HIGH_HER2_R1_G1_2404_S2_30_Merge(RGB).tif,NCIH2170_HIGH_HER2_R1_G1_2404_S2_30_Merge(RGB),116,22,94
NCIH2170_TOTAL_HER2_R1_G0_2501_24_Merge.tif (RGB).tif,NCIH2170_TOTAL_HER2_R1_G0_2501_24,225,0,225
NCIH2170_TOTAL_HER2_R1_G1_2404_2_Merge(RGB).tif,NCIH2170_TOTAL_HER2_R1_G1_2404_2_Merge(RGB),59,6,53
NCIH2170_HIGH_HER2_R1_G2_24_10_35_Merge(RGB).tif,NCIH2170_HIGH_HER2_R1_G2_24_10_35_Merge(RGB),190,3,187
NCIH2170_LOW_HER2_R1_G0_2501_66_Merge.tif (RGB).tif,NCIH2170_LOW_HER2_R1_G0_2501_66,102,3,99
NCIH2170_TOTAL_HER2_R1_G2_24_10_98_Merge(RGB).tif,NCIH2170_TOTAL_HER2_R1_G2_24_10_98_Merge(RGB),589,1,588
NCIH2170_LOW_HER2_R1_G2_24_10_121_Merge(RGB).tif,NCIH2170_LOW_HER2_R1_G2_24_10_121_Merge(RGB),194,1,193
NCIH2170_LOW_HER2_R1_G2_24_10_72_Merge(RGB).tif,NCIH2170_LOW_HER2_R1_G2_24_10_72_Merge(RGB),82,16,66
NCIH2170_TOTAL_HER2_R1_G0_2501_26B_Merge.tif (RGB).tif,NCIH2170_TOTAL_HER2_R1_G0_2501_26B,180,0,180
NCIH2170_LOW_HER2_R1_G0_2501_116_Merge.tif (RGB).tif,NCIH2170_LOW_HER2_R1_G0_2501_116,127,6,121
NCIH2170_TOTAL_HER2_R1_G2_24_10_111_Merge(RGB).tif,NCIH2170_TOTAL_HER2_R1_G2_24_10_111_Merge(RGB),326,0,326
NCIH2170_LOW_HER2_R1_G0_2501_78_Merge.tif (RGB).tif,NCIH2170_LOW_HER2_R1_G0_2501_78,211,10,201
NCIH2170_LOW_HER2_R1_G2_24_10_67_Merge(RGB).tif,NCIH2170_LOW_HER2_R1_G2_24_10_67_Merge(RGB),128,22,106
NCIH2170_TOTAL_HER2_R1_G2_24_10_38_Merge(RGB).tif,NCIH2170_TOTAL_HER2_R1_G2_24_10_38_Merge(RGB),293,19,274
NCIH2170_TOTAL_HER2_R1_G0_2501_100_Merge.tif (RGB).tif,NCIH2170_TOTAL_HER2_R1_G0_2501_100,104,8,96
NCIH2170_TOTAL_HER2_R1_G1_2404_13_Merge(RGB).tif,NCIH2170_TOTAL_HER2_R1_G1_2404_13_Merge(RGB),40,9,31
NCIH2170_HIGH_HER2_R1_G0_2501_46_Merge.tif (RGB).tif,NCIH2170_HIGH_HER2_R1_G0_2501_46,116,4,112
NCIH2170_LOW_HER2_R1_G2_24_10_19_Merge(RGB).tif,NCIH2170_LOW_HER2_R1_G2_24_10_19_Merge(RGB),223,4,219
NCIH2170_HIGH_HER2_R1_G0_2501_47_Merge.tif (RGB).tif,NCIH2170_HIGH_HER2_R1_G0_2501_47,55,2,53
NCIH2170_HIGH_HER2_R1_G0_2501_11_Merge.tif (RGB).tif,NCIH2170_HIGH_HER2_R1_G0_2501_11,251,0,251
NCIH2170_HIGH_HER2_R1_G2_24_10_65_Merge(RGB).tif,NCIH2170_HIGH_HER2_R1_G2_24_10_65_Merge(RGB),367,13,354
NCIH2170_LOW_HER2_R1_G1_2404_46_Merge(RGB).tif,NCIH2170_LOW_HER2_R1_G1_2404_46_Merge(RGB),143,23,120
NCIH2170_LOW_HER2_R1_G2_24_10_3_Merge(RGB).tif,NCIH2170_LOW_HER2_R1_G2_24_10_3_Merge(RGB),142,5,137
NCIH2170_HIGH_HER2_R1_G2_24_10_105B_Merge(RGB).tif,NCIH2170_HIGH_HER2_R1_G2_24_10_105B_Merge(RGB),155,5,150
NCIH2170_TOTAL_HER2_R1_G0_2501_119_Merge.tif (RGB).tif,NCIH2170_TOTAL_HER2_R1_G0_2501_119,159,5,154
NCIH2170_HIGH_HER2_R1_G2_24_10_17_Merge(RGB).tif,NCIH2170_HIGH_HER2_R1_G2_24_10_17_Merge(RGB),546,7,539
NCIH2170_HIGH_HER2_R1_G2_24_10_123_Merge(RGB).tif,NCIH2170_HIGH_HER2_R1_G2_24_10_123_Merge(RGB),137,5,132
NCIH2170_LOW_HER2_R1_G0_2501_12A_Merge.tif (RGB).tif,NCIH2170_LOW_HER2_R1_G0_2501_12A,105,12,93
NCIH2170_TOTAL_HER2_R1_G2_24_10_78_Merge(RGB).tif,NCIH2170_TOTAL_HER2_R1_G2_24_10_78_Merge(RGB),524,1,523
NCIH2170_LOW_HER2_R1_G1_2404_49_Merge(RGB).tif,NCIH2170_LOW_HER2_R1_G1_2404_49_Merge(RGB),219,1,218
NCIH2170_TOTAL_HER2_R1_G1_2404_73_Merge(RGB).tif,NCIH2170_TOTAL_HER2_R1_G1_2404_73_Merge(RGB),81,6,75
NCIH2170_HIGH_HER2_R1_G1_2404_S2_44_Merge(RGB).tif,NCIH2170_HIGH_HER2_R1_G1_2404_S2_44_Merge(RGB),378,0,378
NCIH2170_HIGH_HER2_R1_G1_2404_S2_84_Merge(RGB).tif,NCIH2170_HIGH_HER2_R1_G1_2404_S2_84_Merge(RGB),438,9,429
NCIH2170_HIGH_HER2_R1_G1_2404_S2_82_Merge(RGB).tif,NCIH2170_HIGH_HER2_R1_G1_2404_S2_82_Merge(RGB),161,0,161
NCIH2170_TOTAL_HER2_R1_G1_2404_30_Merge(RGB).tif,NCIH2170_TOTAL_HER2_R1_G1_2404_30_Merge(RGB),297,0,297
NCIH2170_HIGH_HER2_R1_G0_2501_105_Merge.tif (RGB).tif,NCIH2170_HIGH_HER2_R1_G0_2501_105,144,0,144
NCIH2170_LOW_HER2_R1_G1_2404_33_Merge(RGB).tif,NCIH2170_LOW_HER2_R1_G1_2404_33_Merge(RGB),232,3,229
NCIH2170_LOW_HER2_R1_G2_24_10_12_Merge(RGB).tif,NCIH2170_LOW_HER2_R1_G2_24_10_12_Merge(RGB),312,5,307
NCIH2170_HIGH_HER2_R1_G1_2404_S2_21_Merge(RGB).tif,NCIH2170_HIGH_HER2_R1_G1_2404_S2_21_Merge(RGB),234,58,176
NCIH2170_HIGH_HER2_R1_G0_2501_31_Merge.tif (RGB).tif,NCIH2170_HIGH_HER2_R1_G0_2501_31,147,1,146
NCIH2170_TOTAL_HER2_R1_G2_24_10_88_Merge(RGB).tif,NCIH2170_TOTAL_HER2_R1_G2_24_10_88_Merge(RGB),181,0,181
NCIH2170_LOW_HER2_R1_G0_2501_103_Merge.tif (RGB).tif,NCIH2170_LOW_HER2_R1_G0_2501_103,194,17,177
NCIH2170_LOW_HER2_R1_G1_2404_62_Merge(RGB).tif,NCIH2170_LOW_HER2_R1_G1_2404_62_Merge(RGB),217,2,215
NCIH2170_TOTAL_HER2_R1_G2_24_10_54_Merge(RGB).tif,NCIH2170_TOTAL_HER2_R1_G2_24_10_54_Merge(RGB),272,19,253
NCIH2170_TOTAL_HER2_R1_G2_24_10_94_Merge(RGB).tif,NCIH2170_TOTAL_HER2_R1_G2_24_10_94_Merge(RGB),304,1,303
NCIH2170_LOW_HER2_R1_G2_24_10_64_Merge(RGB).tif,NCIH2170_LOW_HER2_R1_G2_24_10_64_Merge(RGB),597,8,589
NCIH2170_TOTAL_HER2_R1_G2_24_10_68_Merge(RGB).tif,NCIH2170_TOTAL_HER2_R1_G2_24_10_68_Merge(RGB),402,0,402
NCIH2170_HIGH_HER2_R1_G0_2501_76_Merge.tif (RGB).tif,NCIH2170_HIGH_HER2_R1_G0_2501_76,131,12,119
NCIH2170_TOTAL_HER2_R1_G0_2501_109A_Merge.tif (RGB).tif,NCIH2170_TOTAL_HER2_R1_G0_2501_109A,255,0,255
NCIH2170_TOTAL_HER2_R1_G1_2404_114_Merge(RGB).tif,NCIH2170_TOTAL_HER2_R1_G1_2404_114_Merge(RGB),221,4,217
NCIH2170_HIGH_HER2_R1_G1_2404_S2_25_Merge(RGB).tif,NCIH2170_HIGH_HER2_R1_G1_2404_S2_25_Merge(RGB),122,5,117
NCIH2170_HIGH_HER2_R1_G2_24_10_97_Merge(RGB).tif,NCIH2170_HIGH_HER2_R1_G2_24_10_97_Merge(RGB),202,42,160
NCIH2170_HIGH_HER2_R1_G0_2501_4_Merge.tif (RGB).tif,NCIH2170_HIGH_HER2_R1_G0_2501_4,198,7,191
NCIH2170_HIGH_HER2_R1_G0_2501_104_Merge.tif (RGB).tif,NCIH2170_HIGH_HER2_R1_G0_2501_104,281,14,267
NCIH2170_HIGH_HER2_R1_G2_24_10_70_Merge(RGB).tif,NCIH2170_HIGH_HER2_R1_G2_24_10_70_Merge(RGB),115,3,112
NCIH2170_TOTAL_HER2_R1_G0_2501_7_Merge.tif (RGB).tif,NCIH2170_TOTAL_HER2_R1_G0_2501_7,154,15,139
NCIH2170_HIGH_HER2_R1_G0_2501_84_Merge.tif (RGB).tif,NCIH2170_HIGH_HER2_R1_G0_2501_84,195,2,193
NCIH2170_TOTAL_HER2_R1_G2_24_10_99_Merge(RGB).tif,NCIH2170_TOTAL_HER2_R1_G2_24_10_99_Merge(RGB),561,2,559
NCIH2170_HIGH_HER2_R1_G1_2404_S2_26_Merge(RGB).tif,NCIH2170_HIGH_HER2_R1_G1_2404_S2_26_Merge(RGB),419,14,405
NCIH2170_TOTAL_HER2_R1_G2_24_10_105_Merge(RGB).tif,NCIH2170_TOTAL_HER2_R1_G2_24_10_105_Merge(RGB),436,1,435
NCIH2170_LOW_HER2_R1_G0_2501_13_Merge.tif (RGB).tif,NCIH2170_LOW_HER2_R1_G0_2501_13,228,5,223
NCIH2170_LOW_HER2_R1_G2_24_10_14_Merge(RGB).tif,NCIH2170_LOW_HER2_R1_G2_24_10_14_Merge(RGB),89,9,80
NCIH2170_TOTAL_HER2_R1_G0_2501_108_Merge.tif (RGB).tif,NCIH2170_TOTAL_HER2_R1_G0_2501_108,178,0,178
NCIH2170_TOTAL_HER2_R1_G2_24_10_57_Merge(RGB).tif,NCIH2170_TOTAL_HER2_R1_G2_24_10_57_Merge(RGB),486,2,484
NCIH2170_LOW_HER2_R1_G2_24_10_58_Merge(RGB).tif,NCIH2170_LOW_HER2_R1_G2_24_10_58_Merge(RGB),703,0,703
NCIH2170_TOTAL_HER2_R1_G0_2501_5_Merge.tif (RGB).tif,NCIH2170_TOTAL_HER2_R1_G0_2501_5,126,9,117
NCIH2170_LOW_HER2_R1_G1_2404_64_Merge(RGB).tif,NCIH2170_LOW_HER2_R1_G1_2404_64_Merge(RGB),182,3,179
NCIH2170_LOW_HER2_R1_G0_2501_101_Merge.tif (RGB).tif,NCIH2170_LOW_HER2_R1_G0_2501_101,206,0,206
NCIH2170_HIGH_HER2_R1_G2_24_10_92_Merge(RGB).tif,NCIH2170_HIGH_HER2_R1_G2_24_10_92_Merge(RGB),144,38,106
NCIH2170_TOTAL_HER2_R1_G2_24_10_47_Merge(RGB).tif,NCIH2170_TOTAL_HER2_R1_G2_24_10_47_Merge(RGB),164,1,163
NCIH2170_TOTAL_HER2_R1_G1_2404_23_Merge(RGB).tif,NCIH2170_TOTAL_HER2_R1_G1_2404_23_Merge(RGB),212,4,208
NCIH2170_LOW_HER2_R1_G0_2501_85_Merge.tif (RGB).tif,NCIH2170_LOW_HER2_R1_G0_2501_85,175,6,169
NCIH2170_HIGH_HER2_R1_G0_2501_30_Merge.tif (RGB).tif,NCIH2170_HIGH_HER2_R1_G0_2501_30,283,2,281
NCIH2170_TOTAL_HER2_R1_G1_2404_40_Merge(RGB).tif,NCIH2170_TOTAL_HER2_R1_G1_2404_40_Merge(RGB),133,14,119
NCIH2170_TOTAL_HER2_R1_G2_24_10_50_Merge(RGB).tif,NCIH2170_TOTAL_HER2_R1_G2_24_10_50_Merge(RGB),166,12,154
NCIH2170_TOTAL_HER2_R1_G1_2404_62_Merge(RGB).tif,NCIH2170_TOTAL_HER2_R1_G1_2404_62_Merge(RGB),87,2,85
NCIH2170_LOW_HER2_R1_G0_2501_128_Merge.tif (RGB).tif,NCIH2170_LOW_HER2_R1_G0_2501_128,212,19,193
NCIH2170_HIGH_HER2_R1_G0_2501_54_Merge.tif (RGB).tif,NCIH2170_HIGH_HER2_R1_G0_2501_54,227,18,209
NCIH2170_HIGH_HER2_R1_G2_24_10_42_Merge(RGB).tif,NCIH2170_HIGH_HER2_R1_G2_24_10_42_Merge(RGB),132,8,124
NCIH2170_HIGH_HER2_R1_G1_2404_S2_107_Merge(RGB).tif,NCIH2170_HIGH_HER2_R1_G1_2404_S2_107_Merge(RGB),147,0,147
NCIH2170_LOW_HER2_R1_G0_2501_18_Merge.tif (RGB).tif,NCIH2170_LOW_HER2_R1_G0_2501_18,354,3,351
NCIH2170_LOW_HER2_R1_G0_2501_65_Merge.tif (RGB).tif,NCIH2170_LOW_HER2_R1_G0_2501_65,132,6,126
NCIH2170_TOTAL_HER2_R1_G2_24_10_128_Merge(RGB).tif,NCIH2170_TOTAL_HER2_R1_G2_24_10_128_Merge(RGB),402,0,402
NCIH2170_LOW_HER2_R1_G0_2501_97_Merge.tif (RGB).tif,NCIH2170_LOW_HER2_R1_G0_2501_97,127,0,127
NCIH2170_TOTAL_HER2_R1_G2_24_10_35_Merge(RGB).tif,NCIH2170_TOTAL_HER2_R1_G2_24_10_35_Merge(RGB),324,9,315
NCIH2170_HIGH_HER2_R1_G1_2404_S2_72_Merge(RGB).tif,NCIH2170_HIGH_HER2_R1_G1_2404_S2_72_Merge(RGB),421,16,405
NCIH2170_LOW_HER2_R1_G2_24_10_6_Merge(RGB).tif,NCIH2170_LOW_HER2_R1_G2_24_10_6_Merge(RGB),159,3,156
NCIH2170_TOTAL_HER2_R1_G0_2501_73_Merge.tif (RGB).tif,NCIH2170_TOTAL_HER2_R1_G0_2501_73,211,0,211
NCIH2170_HIGH_HER2_R1_G0_2501_103_Merge.tif (RGB).tif,NCIH2170_HIGH_HER2_R1_G0_2501_103,132,4,128
NCIH2170_TOTAL_HER2_R1_G2_24_10_41_Merge(RGB).tif,NCIH2170_TOTAL_HER2_R1_G2_24_10_41_Merge(RGB),114,0,114
NCIH2170_HIGH_HER2_R1_G1_2404_S2_127_Merge(RGB).tif,NCIH2170_HIGH_HER2_R1_G1_2404_S2_127_Merge(RGB),107,1,106
NCIH2170_HIGH_HER2_R1_G1_2404_S2_101_Merge(RGB).tif,NCIH2170_HIGH_HER2_R1_G1_2404_S2_101_Merge(RGB),169,0,169
NCIH2170_HIGH_HER2_R1_G2_24_10_126_Merge(RGB).tif,NCIH2170_HIGH_HER2_R1_G2_24_10_126_Merge(RGB),202,8,194
NCIH2170_HIGH_HER2_R1_G2_24_10_116_Merge(RGB).tif,NCIH2170_HIGH_HER2_R1_G2_24_10_116_Merge(RGB),375,4,371
NCIH2170_LOW_HER2_R1_G1_2404_82_Merge(RGB).tif,NCIH2170_LOW_HER2_R1_G1_2404_82_Merge(RGB),229,15,214
NCIH2170_HIGH_HER2_R1_G2_24_10_61_Merge(RGB).tif,NCIH2170_HIGH_HER2_R1_G2_24_10_61_Merge(RGB),154,20,134
NCIH2170_HIGH_HER2_R1_G1_2404_S2_20_Merge(RGB).tif,NCIH2170_HIGH_HER2_R1_G1_2404_S2_20_Merge(RGB),299,1,298
NCIH2170_TOTAL_HER2_R1_G0_2501_52_Merge.tif (RGB).tif,NCIH2170_TOTAL_HER2_R1_G0_2501_52,124,1,123
NCIH2170_TOTAL_HER2_R1_G0_2501_31_Merge.tif (RGB).tif,NCIH2170_TOTAL_HER2_R1_G0_2501_31,172,1,171
NCIH2170_HIGH_HER2_R1_G2_24_10_108B_Merge(RGB).tif,NCIH2170_HIGH_HER2_R1_G2_24_10_108B_Merge(RGB),58,1,57
NCIH2170_TOTAL_HER2_R1_G2_24_10_122_Merge(RGB).tif,NCIH2170_TOTAL_HER2_R1_G2_24_10_122_Merge(RGB),432,1,431
NCIH2170_TOTAL_HER2_R1_G1_2404_52_Merge(RGB).tif,NCIH2170_TOTAL_HER2_R1_G1_2404_52_Merge(RGB),194,2,192
NCIH2170_HIGH_HER2_R1_G0_2501_79_Merge.tif (RGB).tif,NCIH2170_HIGH_HER2_R1_G0_2501_79,252,3,249
NCIH2170_TOTAL_HER2_R1_G2_24_10_9_Merge(RGB).tif,NCIH2170_TOTAL_HER2_R1_G2_24_10_9_Merge(RGB),450,1,449
NCIH2170_TOTAL_HER2_R1_G0_2501_70_Merge.tif (RGB).tif,NCIH2170_TOTAL_HER2_R1_G0_2501_70,170,0,170
NCIH2170_HIGH_HER2_R1_G2_24_10_84_Merge(RGB).tif,NCIH2170_HIGH_HER2_R1_G2_24_10_84_Merge(RGB),141,15,126
NCIH2170_TOTAL_HER2_R1_G0_2501_57_Merge.tif (RGB).tif,NCIH2170_TOTAL_HER2_R1_G0_2501_57,187,0,187
NCIH2170_LOW_HER2_R1_G2_24_10_62_Merge(RGB).tif,NCIH2170_LOW_HER2_R1_G2_24_10_62_Merge(RGB),154,24,130
NCIH2170_TOTAL_HER2_R1_G0_2501_114A_Merge.tif (RGB).tif,NCIH2170_TOTAL_HER2_R1_G0_2501_114A,181,8,173
NCIH2170_TOTAL_HER2_R1_G2_24_10_27_Merge(RGB).tif,NCIH2170_TOTAL_HER2_R1_G2_24_10_27_Merge(RGB),66,7,59
NCIH2170_HIGH_HER2_R1_G0_2501_43_Merge.tif (RGB).tif,NCIH2170_HIGH_HER2_R1_G0_2501_43,229,2,227
NCIH2170_TOTAL_HER2_R1_G0_2501_117_Merge.tif (RGB).tif,NCIH2170_TOTAL_HER2_R1_G0_2501_117,236,11,225
NCIH2170_HIGH_HER2_R1_G1_2404_S2_92_Merge(RGB).tif,NCIH2170_HIGH_HER2_R1_G1_2404_S2_92_Merge(RGB),87,0,87
NCIH2170_LOW_HER2_R1_G0_2501_43_Merge.tif (RGB).tif,NCIH2170_LOW_HER2_R1_G0_2501_43,100,1,99
NCIH2170_LOW_HER2_R1_G0_2501_48_Merge.tif (RGB).tif,NCIH2170_LOW_HER2_R1_G0_2501_48,130,8,122
NCIH2170_LOW_HER2_R1_G1_2404_76_Merge(RGB).tif,NCIH2170_LOW_HER2_R1_G1_2404_76_Merge(RGB),157,3,154
NCIH2170_HIGH_HER2_R1_G2_24_10_80_Merge(RGB).tif,NCIH2170_HIGH_HER2_R1_G2_24_10_80_Merge(RGB),230,12,218
NCIH2170_HIGH_HER2_R1_G1_2404_S2_52_Merge(RGB).tif,NCIH2170_HIGH_HER2_R1_G1_2404_S2_52_Merge(RGB),117,4,113
NCIH2170_TOTAL_HER2_R1_G0_2501_61_Merge.tif (RGB).tif,NCIH2170_TOTAL_HER2_R1_G0_2501_61,227,0,227
NCIH2170_HIGH_HER2_R1_G1_2404_S2_12_Merge(RGB).tif,NCIH2170_HIGH_HER2_R1_G1_2404_S2_12_Merge(RGB),238,10,228
NCIH2170_HIGH_HER2_R1_G0_2501_69_Merge.tif (RGB).tif,NCIH2170_HIGH_HER2_R1_G0_2501_69,137,5,132
NCIH2170_TOTAL_HER2_R1_G1_2404_91_Merge(RGB).tif,NCIH2170_TOTAL_HER2_R1_G1_2404_91_Merge(RGB),157,14,143
NCIH2170_HIGH_HER2_R1_G1_2404_S2_19_Merge(RGB).tif,NCIH2170_HIGH_HER2_R1_G1_2404_S2_19_Merge(RGB),89,4,85
NCIH2170_LOW_HER2_R1_G2_24_10_93B_Merge(RGB).tif,NCIH2170_LOW_HER2_R1_G2_24_10_93B_Merge(RGB),162,0,162
NCIH2170_TOTAL_HER2_R1_G1_2404_65_Merge(RGB).tif,NCIH2170_TOTAL_HER2_R1_G1_2404_65_Merge(RGB),143,2,141
NCIH2170_TOTAL_HER2_R1_G2_24_10_43_Merge(RGB).tif,NCIH2170_TOTAL_HER2_R1_G2_24_10_43_Merge(RGB),247,34,213
NCIH2170_TOTAL_HER2_R1_G1_2404_20_Merge(RGB).tif,NCIH2170_TOTAL_HER2_R1_G1_2404_20_Merge(RGB),156,2,154
NCIH2170_HIGH_HER2_R1_G0_2501_15B_Merge.tif (RGB).tif,NCIH2170_HIGH_HER2_R1_G0_2501_15B,143,2,141
NCIH2170_HIGH_HER2_R1_G2_24_10_100_Merge(RGB).tif,NCIH2170_HIGH_HER2_R1_G2_24_10_100_Merge(RGB),121,33,88
NCIH2170_TOTAL_HER2_R1_G0_2501_76_Merge.tif (RGB).tif,NCIH2170_TOTAL_HER2_R1_G0_2501_76,241,6,235
NCIH2170_HIGH_HER2_R1_G1_2404_S2_125_Merge(RGB).tif,NCIH2170_HIGH_HER2_R1_G1_2404_S2_125_Merge(RGB),70,1,69
NCIH2170_TOTAL_HER2_R1_G0_2501_62_Merge.tif (RGB).tif,NCIH2170_TOTAL_HER2_R1_G0_2501_62,289,4,285
NCIH2170_HIGH_HER2_R1_G1_2404_S2_95_Merge(RGB).tif,NCIH2170_HIGH_HER2_R1_G1_2404_S2_95_Merge(RGB),124,0,124
NCIH2170_HIGH_HER2_R1_G0_2501_95_Merge.tif (RGB).tif,NCIH2170_HIGH_HER2_R1_G0_2501_95,152,2,150
NCIH2170_TOTAL_HER2_R1_G2_24_10_91_Merge(RGB).tif,NCIH2170_TOTAL_HER2_R1_G2_24_10_91_Merge(RGB),481,0,481
NCIH2170_HIGH_HER2_R1_G1_2404_S2_74_Merge(RGB).tif,NCIH2170_HIGH_HER2_R1_G1_2404_S2_74_Merge(RGB),118,0,118
NCIH2170_HIGH_HER2_R1_G1_2404_S2_59_Merge(RGB).tif,NCIH2170_HIGH_HER2_R1_G1_2404_S2_59_Merge(RGB),157,16,141
NCIH2170_TOTAL_HER2_R1_G1_2404_14_Merge(RGB).tif,NCIH2170_TOTAL_HER2_R1_G1_2404_14_Merge(RGB),82,0,82
NCIH2170_LOW_HER2_R1_G2_24_10_86_Merge(RGB).tif,NCIH2170_LOW_HER2_R1_G2_24_10_86_Merge(RGB),174,0,174
NCIH2170_HIGH_HER2_R1_G2_24_10_93_Merge(RGB).tif,NCIH2170_HIGH_HER2_R1_G2_24_10_93_Merge(RGB),277,32,245
NCIH2170_LOW_HER2_R1_G1_2404_17_Merge(RGB).tif,NCIH2170_LOW_HER2_R1_G1_2404_17_Merge(RGB),139,2,137
NCIH2170_LOW_HER2_R1_G2_24_10_100_Merge(RGB).tif,NCIH2170_LOW_HER2_R1_G2_24_10_100_Merge(RGB),194,6,188
NCIH2170_HIGH_HER2_R1_G2_24_10_16_Merge(RGB).tif,NCIH2170_HIGH_HER2_R1_G2_24_10_16_Merge(RGB),384,15,369
NCIH2170_LOW_HER2_R1_G2_24_10_13_Merge(RGB).tif,NCIH2170_LOW_HER2_R1_G2_24_10_13_Merge(RGB),161,14,147
NCIH2170_LOW_HER2_R1_G2_24_10_92_Merge(RGB).tif,NCIH2170_LOW_HER2_R1_G2_24_10_92_Merge(RGB),151,16,135
NCIH2170_HIGH_HER2_R1_G1_2404_S2_113_Merge(RGB).tif,NCIH2170_HIGH_HER2_R1_G1_2404_S2_113_Merge(RGB),411,1,410
NCIH2170_HIGH_HER2_R1_G0_2501_86_Merge.tif (RGB).tif,NCIH2170_HIGH_HER2_R1_G0_2501_86,236,3,233
NCIH2170_HIGH_HER2_R1_G2_24_10_88_Merge(RGB).tif,NCIH2170_HIGH_HER2_R1_G2_24_10_88_Merge(RGB),164,12,152
NCIH2170_TOTAL_HER2_R1_G2_24_10_118_Merge(RGB).tif,NCIH2170_TOTAL_HER2_R1_G2_24_10_118_Merge(RGB),94,0,94
NCIH2170_HIGH_HER2_R1_G2_24_10_98_Merge(RGB).tif,NCIH2170_HIGH_HER2_R1_G2_24_10_98_Merge(RGB),273,42,231
NCIH2170_LOW_HER2_R1_G2_24_10_38_Merge(RGB).tif,NCIH2170_LOW_HER2_R1_G2_24_10_38_Merge(RGB),79,9,70
NCIH2170_LOW_HER2_R1_G0_2501_77_Merge.tif (RGB).tif,NCIH2170_LOW_HER2_R1_G0_2501_77,239,6,233
NCIH2170_HIGH_HER2_R1_G1_2404_S2_129_Merge(RGB).tif,NCIH2170_HIGH_HER2_R1_G1_2404_S2_129_Merge(RGB),341,11,330
NCIH2170_HIGH_HER2_R1_G0_2501_83_Merge.tif (RGB).tif,NCIH2170_HIGH_HER2_R1_G0_2501_83,137,0,137
NCIH2170_HIGH_HER2_R1_G0_2501_68_Merge.tif (RGB).tif,NCIH2170_HIGH_HER2_R1_G0_2501_68,217,6,211
NCIH2170_HIGH_HER2_R1_G0_2501_60_Merge.tif (RGB).tif,NCIH2170_HIGH_HER2_R1_G0_2501_60,347,0,347
NCIH2170_TOTAL_HER2_R1_G0_2501_118_Merge.tif (RGB).tif,NCIH2170_TOTAL_HER2_R1_G0_2501_118,73,4,69
NCIH2170_HIGH_HER2_R1_G0_2501_22_Merge.tif (RGB).tif,NCIH2170_HIGH_HER2_R1_G0_2501_22,280,2,278
NCIH2170_HIGH_HER2_R1_G2_24_10_87_Merge(RGB).tif,NCIH2170_HIGH_HER2_R1_G2_24_10_87_Merge(RGB),271,4,267
NCIH2170_HIGH_HER2_R1_G2_24_10_115_Merge(RGB).tif,NCIH2170_HIGH_HER2_R1_G2_24_10_115_Merge(RGB),191,1,190
NCIH2170_TOTAL_HER2_R1_G0_2501_105_Merge.tif (RGB).tif,NCIH2170_TOTAL_HER2_R1_G0_2501_105,128,2,126
NCIH2170_LOW_HER2_R1_G0_2501_120_Merge.tif (RGB).tif,NCIH2170_LOW_HER2_R1_G0_2501_120,217,7,210
NCIH2170_LOW_HER2_R1_G1_2404_38_Merge(RGB).tif,NCIH2170_LOW_HER2_R1_G1_2404_38_Merge(RGB),120,12,108
NCIH2170_TOTAL_HER2_R1_G2_24_10_18_Merge(RGB).tif,NCIH2170_TOTAL_HER2_R1_G2_24_10_18_Merge(RGB),318,0,318
NCIH2170_TOTAL_HER2_R1_G1_2404_58_Merge(RGB).tif,NCIH2170_TOTAL_HER2_R1_G1_2404_58_Merge(RGB),204,0,204
NCIH2170_LOW_HER2_R1_G0_2501_20_Merge.tif (RGB).tif,NCIH2170_LOW_HER2_R1_G0_2501_20,74,7,67
NCIH2170_LOW_HER2_R1_G1_2404_32_Merge(RGB).tif,NCIH2170_LOW_HER2_R1_G1_2404_32_Merge(RGB),308,2,306
NCIH2170_HIGH_HER2_R1_G0_2501_109_Merge.tif (RGB).tif,NCIH2170_HIGH_HER2_R1_G0_2501_109,410,2,408
NCIH2170_LOW_HER2_R1_G0_2501_28_Merge.tif (RGB).tif,NCIH2170_LOW_HER2_R1_G0_2501_28,165,10,155
NCIH2170_HIGH_HER2_R1_G1_2404_S2_31_Merge(RGB).tif,NCIH2170_HIGH_HER2_R1_G1_2404_S2_31_Merge(RGB),247,19,228
NCIH2170_TOTAL_HER2_R1_G0_2501_103_Merge.tif (RGB).tif,NCIH2170_TOTAL_HER2_R1_G0_2501_103,127,0,127
NCIH2170_TOTAL_HER2_R1_G1_2404_48_Merge(RGB).tif,NCIH2170_TOTAL_HER2_R1_G1_2404_48_Merge(RGB),170,0,170
NCIH2170_TOTAL_HER2_R1_G2_24_10_25_Merge(RGB).tif,NCIH2170_TOTAL_HER2_R1_G2_24_10_25_Merge(RGB),213,0,213
NCIH2170_LOW_HER2_R1_G2_24_10_40_Merge(RGB).tif,NCIH2170_LOW_HER2_R1_G2_24_10_40_Merge(RGB),81,4,77
NCIH2170_HIGH_HER2_R1_G0_2501_71_Merge.tif (RGB).tif,NCIH2170_HIGH_HER2_R1_G0_2501_71,342,0,342
NCIH2170_HIGH_HER2_R1_G2_24_10_62_Merge(RGB).tif,NCIH2170_HIGH_HER2_R1_G2_24_10_62_Merge(RGB),236,8,228
NCIH2170_TOTAL_HER2_R1_G1_2404_106_Merge(RGB).tif,NCIH2170_TOTAL_HER2_R1_G1_2404_106_Merge(RGB),224,20,204
NCIH2170_HIGH_HER2_R1_G1_2404_S2_57_Merge(RGB).tif,NCIH2170_HIGH_HER2_R1_G1_2404_S2_57_Merge(RGB),440,0,440
NCIH2170_HIGH_HER2_R1_G2_24_10_9_Merge(RGB).tif,NCIH2170_HIGH_HER2_R1_G2_24_10_9_Merge(RGB),320,11,309
NCIH2170_HIGH_HER2_R1_G1_2404_S2_41_Merge(RGB).tif,NCIH2170_HIGH_HER2_R1_G1_2404_S2_41_Merge(RGB),260,55,205
NCIH2170_TOTAL_HER2_R1_G1_2404_120_Merge(RGB).tif,NCIH2170_TOTAL_HER2_R1_G1_2404_120_Merge(RGB),260,2,258
NCIH2170_LOW_HER2_R1_G2_24_10_123_Merge(RGB).tif,NCIH2170_LOW_HER2_R1_G2_24_10_123_Merge(RGB),180,12,168
NCIH2170_TOTAL_HER2_R1_G2_24_10_26_Merge(RGB).tif,NCIH2170_TOTAL_HER2_R1_G2_24_10_26_Merge(RGB),311,6,305
NCIH2170_HIGH_HER2_R1_G2_24_10_7_Merge(RGB).tif,NCIH2170_HIGH_HER2_R1_G2_24_10_7_Merge(RGB),305,23,282
NCIH2170_TOTAL_HER2_R1_G2_24_10_74_Merge(RGB).tif,NCIH2170_TOTAL_HER2_R1_G2_24_10_74_Merge(RGB),159,0,159
NCIH2170_LOW_HER2_R1_G0_2501_12B_Merge.tif (RGB).tif,NCIH2170_LOW_HER2_R1_G0_2501_12B,178,1,177
NCIH2170_TOTAL_HER2_R1_G1_2404_69_Merge(RGB).tif,NCIH2170_TOTAL_HER2_R1_G1_2404_69_Merge(RGB),270,0,270
NCIH2170_HIGH_HER2_R1_G0_2501_118_Merge.tif (RGB).tif,NCIH2170_HIGH_HER2_R1_G0_2501_118,226,17,209
NCIH2170_HIGH_HER2_R1_G0_2501_58_Merge.tif (RGB).tif,NCIH2170_HIGH_HER2_R1_G0_2501_58,200,3,197
NCIH2170_HIGH_HER2_R1_G1_2404_S2_60_Merge(RGB).tif,NCIH2170_HIGH_HER2_R1_G1_2404_S2_60_Merge(RGB),215,0,215
NCIH2170_HIGH_HER2_R1_G2_24_10_34_Merge(RGB).tif,NCIH2170_HIGH_HER2_R1_G2_24_10_34_Merge(RGB),301,25,276
NCIH2170_LOW_HER2_R1_G0_2501_1_Merge.tif (RGB).tif,NCIH2170_LOW_HER2_R1_G0_2501_1,157,4,153
NCIH2170_LOW_HER2_R1_G2_24_10_98_Merge(RGB).tif,NCIH2170_LOW_HER2_R1_G2_24_10_98_Merge(RGB),267,0,267
NCIH2170_HIGH_HER2_R1_G1_2404_S2_14_Merge(RGB).tif,NCIH2170_HIGH_HER2_R1_G1_2404_S2_14_Merge(RGB),384,13,371
NCIH2170_LOW_HER2_R1_G2_24_10_113_Merge(RGB).tif,NCIH2170_LOW_HER2_R1_G2_24_10_113_Merge(RGB),430,13,417
NCIH2170_TOTAL_HER2_R1_G1_2404_118_Merge(RGB).tif,NCIH2170_TOTAL_HER2_R1_G1_2404_118_Merge(RGB),215,0,215
NCIH2170_TOTAL_HER2_R1_G2_24_10_11_Merge(RGB).tif,NCIH2170_TOTAL_HER2_R1_G2_24_10_11_Merge(RGB),253,5,248
NCIH2170_HIGH_HER2_R1_G1_2404_S2_49_Merge(RGB).tif,NCIH2170_HIGH_HER2_R1_G1_2404_S2_49_Merge(RGB),219,0,219
NCIH2170_HIGH_HER2_R1_G0_2501_92_Merge.tif (RGB).tif,NCIH2170_HIGH_HER2_R1_G0_2501_92,148,12,136
NCIH2170_TOTAL_HER2_R1_G2_24_10_92_Merge(RGB).tif,NCIH2170_TOTAL_HER2_R1_G2_24_10_92_Merge(RGB),462,1,461
NCIH2170_LOW_HER2_R1_G1_2404_14_Merge(RGB).tif,NCIH2170_LOW_HER2_R1_G1_2404_14_Merge(RGB),197,32,165
NCIH2170_TOTAL_HER2_R1_G2_24_10_31_Merge(RGB).tif,NCIH2170_TOTAL_HER2_R1_G2_24_10_31_Merge(RGB),556,13,543
NCIH2170_TOTAL_HER2_R1_G0_2501_75_Merge.tif (RGB).tif,NCIH2170_TOTAL_HER2_R1_G0_2501_75,158,0,158
NCIH2170_TOTAL_HER2_R1_G2_24_10_32_Merge(RGB).tif,NCIH2170_TOTAL_HER2_R1_G2_24_10_32_Merge(RGB),590,5,585
NCIH2170_LOW_HER2_R1_G1_2404_16_Merge(RGB).tif,NCIH2170_LOW_HER2_R1_G1_2404_16_Merge(RGB),37,0,37
NCIH2170_HIGH_HER2_R1_G0_2501_97_Merge.tif (RGB).tif,NCIH2170_HIGH_HER2_R1_G0_2501_97,362,11,351
NCIH2170_HIGH_HER2_R1_G1_2404_S2_94_Merge(RGB).tif,NCIH2170_HIGH_HER2_R1_G1_2404_S2_94_Merge(RGB),92,0,92
NCIH2170_LOW_HER2_R1_G0_2501_96_Merge.tif (RGB).tif,NCIH2170_LOW_HER2_R1_G0_2501_96,132,15,117
NCIH2170_HIGH_HER2_R1_G2_24_10_33_Merge(RGB).tif,NCIH2170_HIGH_HER2_R1_G2_24_10_33_Merge(RGB),65,5,60
NCIH2170_TOTAL_HER2_R1_G1_2404_112_Merge(RGB).tif,NCIH2170_TOTAL_HER2_R1_G1_2404_112_Merge(RGB),94,1,93
NCIH2170_LOW_HER2_R1_G0_2501_73_Merge.tif (RGB).tif,NCIH2170_LOW_HER2_R1_G0_2501_73,134,4,130
NCIH2170_TOTAL_HER2_R1_G0_2501_90_Merge.tif (RGB).tif,NCIH2170_TOTAL_HER2_R1_G0_2501_90,113,1,112
NCIH2170_LOW_HER2_R1_G2_24_10_21_Merge(RGB).tif,NCIH2170_LOW_HER2_R1_G2_24_10_21_Merge(RGB),200,0,200
NCIH2170_LOW_HER2_R1_G0_2501_95_Merge.tif (RGB).tif,NCIH2170_LOW_HER2_R1_G0_2501_95,112,13,99
NCIH2170_LOW_HER2_R1_G0_2501_123_Merge.tif (RGB).tif,NCIH2170_LOW_HER2_R1_G0_2501_123,150,8,142
NCIH2170_LOW_HER2_R1_G1_2404_74_Merge(RGB).tif,NCIH2170_LOW_HER2_R1_G1_2404_74_Merge(RGB),67,11,56
NCIH2170_HIGH_HER2_R1_G0_2501_102_Merge.tif (RGB).tif,NCIH2170_HIGH_HER2_R1_G0_2501_102,368,35,333
NCIH2170_TOTAL_HER2_R1_G0_2501_96_Merge.tif (RGB).tif,NCIH2170_TOTAL_HER2_R1_G0_2501_96,279,18,261
NCIH2170_HIGH_HER2_R1_G2_24_10_31_Merge(RGB).tif,NCIH2170_HIGH_HER2_R1_G2_24_10_31_Merge(RGB),230,9,221
NCIH2170_TOTAL_HER2_R1_G1_2404_57_Merge(RGB).tif,NCIH2170_TOTAL_HER2_R1_G1_2404_57_Merge(RGB),327,3,324
NCIH2170_TOTAL_HER2_R1_G0_2501_115_Merge.tif (RGB).tif,NCIH2170_TOTAL_HER2_R1_G0_2501_115,464,0,464
NCIH2170_LOW_HER2_R1_G2_24_10_60_Merge(RGB).tif,NCIH2170_LOW_HER2_R1_G2_24_10_60_Merge(RGB),245,5,240
NCIH2170_TOTAL_HER2_R1_G2_24_10_2_Merge(RGB).tif,NCIH2170_TOTAL_HER2_R1_G2_24_10_2_Merge(RGB),258,25,233
NCIH2170_TOTAL_HER2_R1_G0_2501_78_Merge.tif (RGB).tif,NCIH2170_TOTAL_HER2_R1_G0_2501_78,168,0,168
NCIH2170_LOW_HER2_R1_G1_2404_39_Merge(RGB).tif,NCIH2170_LOW_HER2_R1_G1_2404_39_Merge(RGB),223,10,213
NCIH2170_HIGH_HER2_R1_G2_24_10_78_Merge(RGB).tif,NCIH2170_HIGH_HER2_R1_G2_24_10_78_Merge(RGB),168,18,150
NCIH2170_TOTAL_HER2_R1_G0_2501_109B_Merge.tif (RGB).tif,NCIH2170_TOTAL_HER2_R1_G0_2501_109B,115,6,109
NCIH2170_LOW_HER2_R1_G0_2501_102_Merge.tif (RGB).tif,NCIH2170_LOW_HER2_R1_G0_2501_102,87,18,69
NCIH2170_TOTAL_HER2_R1_G1_2404_78_Merge(RGB).tif,NCIH2170_TOTAL_HER2_R1_G1_2404_78_Merge(RGB),157,0,157
NCIH2170_LOW_HER2_R1_G2_24_10_25_Merge(RGB).tif,NCIH2170_LOW_HER2_R1_G2_24_10_25_Merge(RGB),190,5,185
NCIH2170_TOTAL_HER2_R1_G0_2501_80_Merge.tif (RGB).tif,NCIH2170_TOTAL_HER2_R1_G0_2501_80,282,0,282
NCIH2170_TOTAL_HER2_R1_G2_24_10_82_Merge(RGB).tif,NCIH2170_TOTAL_HER2_R1_G2_24_10_82_Merge(RGB),664,0,664
NCIH2170_TOTAL_HER2_R1_G0_2501_28_Merge.tif (RGB).tif,NCIH2170_TOTAL_HER2_R1_G0_2501_28,190,0,190
NCIH2170_HIGH_HER2_R1_G1_2404_S2_29_Merge(RGB).tif,NCIH2170_HIGH_HER2_R1_G1_2404_S2_29_Merge(RGB),156,3,153
NCIH2170_HIGH_HER2_R1_G1_2404_S2_118_Merge(RGB).tif,NCIH2170_HIGH_HER2_R1_G1_2404_S2_118_Merge(RGB),217,10,207
NCIH2170_HIGH_HER2_R1_G1_2404_S2_43_Merge(RGB).tif,NCIH2170_HIGH_HER2_R1_G1_2404_S2_43_Merge(RGB),71,15,56
NCIH2170_LOW_HER2_R1_G0_2501_54_Merge.tif (RGB).tif,NCIH2170_LOW_HER2_R1_G0_2501_54,188,0,188
NCIH2170_HIGH_HER2_R1_G2_24_10_77_Merge(RGB).tif,NCIH2170_HIGH_HER2_R1_G2_24_10_77_Merge(RGB),150,22,128
NCIH2170_HIGH_HER2_R1_G2_24_10_102_Merge(RGB).tif,NCIH2170_HIGH_HER2_R1_G2_24_10_102_Merge(RGB),122,12,110
NCIH2170_TOTAL_HER2_R1_G2_24_10_120_Merge(RGB).tif,NCIH2170_TOTAL_HER2_R1_G2_24_10_120_Merge(RGB),308,7,301
NCIH2170_HIGH_HER2_R1_G0_2501_100_Merge.tif (RGB).tif,NCIH2170_HIGH_HER2_R1_G0_2501_100,205,14,191
NCIH2170_HIGH_HER2_R1_G2_24_10_117_Merge(RGB).tif,NCIH2170_HIGH_HER2_R1_G2_24_10_117_Merge(RGB),121,0,121
NCIH2170_HIGH_HER2_R1_G0_2501_59_Merge.tif (RGB).tif,NCIH2170_HIGH_HER2_R1_G0_2501_59,186,9,177
NCIH2170_HIGH_HER2_R1_G1_2404_S2_68_Merge(RGB).tif,NCIH2170_HIGH_HER2_R1_G1_2404_S2_68_Merge(RGB),302,37,265
NCIH2170_HIGH_HER2_R1_G0_2501_32_Merge.tif (RGB).tif,NCIH2170_HIGH_HER2_R1_G0_2501_32,243,13,230
NCIH2170_LOW_HER2_R1_G0_2501_36_Merge.tif (RGB).tif,NCIH2170_LOW_HER2_R1_G0_2501_36,206,28,178
NCIH2170_HIGH_HER2_R1_G1_2404_S2_71_Merge(RGB).tif,NCIH2170_HIGH_HER2_R1_G1_2404_S2_71_Merge(RGB),266,0,266
NCIH2170_LOW_HER2_R1_G2_24_10_55_Merge(RGB).tif,NCIH2170_LOW_HER2_R1_G2_24_10_55_Merge(RGB),234,6,228
NCIH2170_LOW_HER2_R1_G1_2404_51_Merge(RGB).tif,NCIH2170_LOW_HER2_R1_G1_2404_51_Merge(RGB),161,2,159
NCIH2170_LOW_HER2_R1_G1_2404_54_Merge(RGB).tif,NCIH2170_LOW_HER2_R1_G1_2404_54_Merge(RGB),215,21,194
NCIH2170_TOTAL_HER2_R1_G2_24_10_126_Merge(RGB).tif,NCIH2170_TOTAL_HER2_R1_G2_24_10_126_Merge(RGB),95,0,95
NCIH2170_HIGH_HER2_R1_G1_2404_S2_9_Merge(RGB).tif,NCIH2170_HIGH_HER2_R1_G1_2404_S2_9_Merge(RGB),276,0,276
NCIH2170_LOW_HER2_R1_G0_2501_52_Merge.tif (RGB).tif,NCIH2170_LOW_HER2_R1_G0_2501_52,137,0,137
NCIH2170_TOTAL_HER2_R1_G0_2501_123_Merge.tif (RGB).tif,NCIH2170_TOTAL_HER2_R1_G0_2501_123,96,0,96
NCIH2170_LOW_HER2_R1_G1_2404_63_Merge(RGB).tif,NCIH2170_LOW_HER2_R1_G1_2404_63_Merge(RGB),123,1,122
NCIH2170_TOTAL_HER2_R1_G0_2501_27B_Merge.tif (RGB).tif,NCIH2170_TOTAL_HER2_R1_G0_2501_27B,187,3,184
NCIH2170_LOW_HER2_R1_G0_2501_56_Merge.tif (RGB).tif,NCIH2170_LOW_HER2_R1_G0_2501_56,118,6,112
NCIH2170_TOTAL_HER2_R1_G2_24_10_127_Merge(RGB).tif,NCIH2170_TOTAL_HER2_R1_G2_24_10_127_Merge(RGB),274,0,274
NCIH2170_TOTAL_HER2_R1_G2_24_10_46_Merge(RGB).tif,NCIH2170_TOTAL_HER2_R1_G2_24_10_46_Merge(RGB),225,3,222
NCIH2170_TOTAL_HER2_R1_G2_24_10_96_Merge(RGB).tif,NCIH2170_TOTAL_HER2_R1_G2_24_10_96_Merge(RGB),510,2,508
NCIH2170_LOW_HER2_R1_G0_2501_31A_Merge.tif (RGB).tif,NCIH2170_LOW_HER2_R1_G0_2501_31A,230,2,228
NCIH2170_TOTAL_HER2_R1_G0_2501_60_Merge.tif (RGB).tif,NCIH2170_TOTAL_HER2_R1_G0_2501_60,127,0,127
NCIH2170_TOTAL_HER2_R1_G2_24_10_114_Merge(RGB).tif,NCIH2170_TOTAL_HER2_R1_G2_24_10_114_Merge(RGB),243,0,243
NCIH2170_HIGH_HER2_R1_G1_2404_S2_38_Merge(RGB).tif,NCIH2170_HIGH_HER2_R1_G1_2404_S2_38_Merge(RGB),156,3,153
NCIH2170_LOW_HER2_R1_G2_24_10_50_Merge(RGB).tif,NCIH2170_LOW_HER2_R1_G2_24_10_50_Merge(RGB),546,7,539
NCIH2170_HIGH_HER2_R1_G0_2501_33_Merge.tif (RGB).tif,NCIH2170_HIGH_HER2_R1_G0_2501_33,152,21,131
NCIH2170_LOW_HER2_R1_G0_2501_80_Merge.tif (RGB).tif,NCIH2170_LOW_HER2_R1_G0_2501_80,103,1,102
NCIH2170_LOW_HER2_R1_G1_2404_68_Merge(RGB).tif,NCIH2170_LOW_HER2_R1_G1_2404_68_Merge(RGB),111,19,92
NCIH2170_HIGH_HER2_R1_G2_24_10_37_Merge(RGB).tif,NCIH2170_HIGH_HER2_R1_G2_24_10_37_Merge(RGB),406,1,405
NCIH2170_HIGH_HER2_R1_G0_2501_19_Merge.tif (RGB).tif,NCIH2170_HIGH_HER2_R1_G0_2501_19,193,13,180
NCIH2170_LOW_HER2_R1_G1_2404_70_Merge(RGB).tif,NCIH2170_LOW_HER2_R1_G1_2404_70_Merge(RGB),221,0,221
NCIH2170_TOTAL_HER2_R1_G0_2501_67_Merge.tif (RGB).tif,NCIH2170_TOTAL_HER2_R1_G0_2501_67,156,11,145
NCIH2170_TOTAL_HER2_R1_G0_2501_107B_Merge.tif (RGB).tif,NCIH2170_TOTAL_HER2_R1_G0_2501_107B,125,0,125
NCIH2170_HIGH_HER2_R1_G2_24_10_24_Merge(RGB).tif,NCIH2170_HIGH_HER2_R1_G2_24_10_24_Merge(RGB),321,2,319
NCIH2170_TOTAL_HER2_R1_G2_24_10_109_Merge(RGB).tif,NCIH2170_TOTAL_HER2_R1_G2_24_10_109_Merge(RGB),188,0,188
NCIH2170_HIGH_HER2_R1_G0_2501_44_Merge.tif (RGB).tif,NCIH2170_HIGH_HER2_R1_G0_2501_44,124,5,119
NCIH2170_LOW_HER2_R1_G2_24_10_47_Merge(RGB).tif,NCIH2170_LOW_HER2_R1_G2_24_10_47_Merge(RGB),160,4,156
NCIH2170_HIGH_HER2_R1_G2_24_10_30_Merge(RGB).tif,NCIH2170_HIGH_HER2_R1_G2_24_10_30_Merge(RGB),333,7,326
NCIH2170_HIGH_HER2_R1_G2_24_10_53_Merge(RGB).tif,NCIH2170_HIGH_HER2_R1_G2_24_10_53_Merge(RGB),369,1,368
NCIH2170_TOTAL_HER2_R1_G2_24_10_15_Merge(RGB).tif,NCIH2170_TOTAL_HER2_R1_G2_24_10_15_Merge(RGB),135,2,133
NCIH2170_HIGH_HER2_R1_G2_24_10_36A_Merge(RGB).tif,NCIH2170_HIGH_HER2_R1_G2_24_10_36A_Merge(RGB),338,2,336
NCIH2170_LOW_HER2_R1_G0_2501_83_Merge.tif (RGB).tif,NCIH2170_LOW_HER2_R1_G0_2501_83,228,1,227
NCIH2170_LOW_HER2_R1_G0_2501_82_Merge.tif (RGB).tif,NCIH2170_LOW_HER2_R1_G0_2501_82,121,0,121
NCIH2170_TOTAL_HER2_R1_G1_2404_100_Merge(RGB).tif,NCIH2170_TOTAL_HER2_R1_G1_2404_100_Merge(RGB),384,16,368
NCIH2170_TOTAL_HER2_R1_G1_2404_41_Merge(RGB).tif,NCIH2170_TOTAL_HER2_R1_G1_2404_41_Merge(RGB),130,0,130
NCIH2170_HIGH_HER2_R1_G2_24_10_48_Merge(RGB).tif,NCIH2170_HIGH_HER2_R1_G2_24_10_48_Merge(RGB),296,19,277
NCIH2170_TOTAL_HER2_R1_G2_24_10_104_Merge(RGB).tif,NCIH2170_TOTAL_HER2_R1_G2_24_10_104_Merge(RGB),290,0,290
NCIH2170_TOTAL_HER2_R1_G0_2501_110_Merge.tif (RGB).tif,NCIH2170_TOTAL_HER2_R1_G0_2501_110,205,3,202
NCIH2170_LOW_HER2_R1_G0_2501_49_Merge.tif (RGB).tif,NCIH2170_LOW_HER2_R1_G0_2501_49,146,10,136
NCIH2170_HIGH_HER2_R1_G1_2404_S2_120_Merge(RGB).tif,NCIH2170_HIGH_HER2_R1_G1_2404_S2_120_Merge(RGB),368,29,339
NCIH2170_TOTAL_HER2_R1_G2_24_10_36_Merge(RGB).tif,NCIH2170_TOTAL_HER2_R1_G2_24_10_36_Merge(RGB),227,11,216
NCIH2170_TOTAL_HER2_R1_G2_24_10_61_Merge(RGB).tif,NCIH2170_TOTAL_HER2_R1_G2_24_10_61_Merge(RGB),518,0,518
NCIH2170_LOW_HER2_R1_G2_24_10_104_Merge(RGB).tif,NCIH2170_LOW_HER2_R1_G2_24_10_104_Merge(RGB),198,4,194
NCIH2170_HIGH_HER2_R1_G0_2501_62_Merge.tif (RGB).tif,NCIH2170_HIGH_HER2_R1_G0_2501_62,146,2,144
NCIH2170_LOW_HER2_R1_G0_2501_90_Merge.tif (RGB).tif,NCIH2170_LOW_HER2_R1_G0_2501_90,66,2,64
NCIH2170_LOW_HER2_R1_G2_24_10_7_Merge(RGB).tif,NCIH2170_LOW_HER2_R1_G2_24_10_7_Merge(RGB),133,7,126
NCIH2170_TOTAL_HER2_R1_G2_24_10_123_Merge(RGB).tif,NCIH2170_TOTAL_HER2_R1_G2_24_10_123_Merge(RGB),309,0,309
NCIH2170_HIGH_HER2_R1_G0_2501_120_Merge.tif (RGB).tif,NCIH2170_HIGH_HER2_R1_G0_2501_120,112,28,84
NCIH2170_LOW_HER2_R1_G1_2404_79_Merge(RGB).tif,NCIH2170_LOW_HER2_R1_G1_2404_79_Merge(RGB),180,2,178
NCIH2170_LOW_HER2_R1_G2_24_10_66_Merge(RGB).tif,NCIH2170_LOW_HER2_R1_G2_24_10_66_Merge(RGB),139,2,137
NCIH2170_LOW_HER2_R1_G0_2501_24_Merge.tif (RGB).tif,NCIH2170_LOW_HER2_R1_G0_2501_24,111,0,111
NCIH2170_TOTAL_HER2_R1_G2_24_10_75_Merge(RGB).tif,NCIH2170_TOTAL_HER2_R1_G2_24_10_75_Merge(RGB),160,0,160
NCIH2170_LOW_HER2_R1_G1_2404_47_Merge(RGB).tif,NCIH2170_LOW_HER2_R1_G1_2404_47_Merge(RGB),242,6,236
NCIH2170_LOW_HER2_R1_G2_24_10_124_Merge(RGB).tif,NCIH2170_LOW_HER2_R1_G2_24_10_124_Merge(RGB),172,10,162
NCIH2170_HIGH_HER2_R1_G2_24_10_130_Merge(RGB).tif,NCIH2170_HIGH_HER2_R1_G2_24_10_130_Merge(RGB),155,4,151
NCIH2170_LOW_HER2_R1_G2_24_10_82_Merge(RGB).tif,NCIH2170_LOW_HER2_R1_G2_24_10_82_Merge(RGB),63,2,61
NCIH2170_LOW_HER2_R1_G0_2501_51_Merge.tif (RGB).tif,NCIH2170_LOW_HER2_R1_G0_2501_51,197,14,183
NCIH2170_LOW_HER2_R1_G0_2501_57_Merge.tif (RGB).tif,NCIH2170_LOW_HER2_R1_G0_2501_57,123,13,110
NCIH2170_LOW_HER2_R1_G0_2501_118_Merge.tif (RGB).tif,NCIH2170_LOW_HER2_R1_G0_2501_118,51,1,50
NCIH2170_TOTAL_HER2_R1_G2_24_10_81_Merge(RGB).tif,NCIH2170_TOTAL_HER2_R1_G2_24_10_81_Merge(RGB),130,1,129
NCIH2170_LOW_HER2_R1_G0_2501_69_Merge.tif (RGB).tif,NCIH2170_LOW_HER2_R1_G0_2501_69,135,22,113
NCIH2170_TOTAL_HER2_R1_G1_2404_15_Merge(RGB).tif,NCIH2170_TOTAL_HER2_R1_G1_2404_15_Merge(RGB),363,33,330
NCIH2170_LOW_HER2_R1_G0_2501_71_Merge.tif (RGB).tif,NCIH2170_LOW_HER2_R1_G0_2501_71,221,9,212
NCIH2170_TOTAL_HER2_R1_G1_2404_127_Merge(RGB).tif,NCIH2170_TOTAL_HER2_R1_G1_2404_127_Merge(RGB),51,3,48
NCIH2170_LOW_HER2_R1_G0_2501_92_Merge.tif (RGB).tif,NCIH2170_LOW_HER2_R1_G0_2501_92,54,1,53
NCIH2170_LOW_HER2_R1_G1_2404_36_Merge(RGB).tif,NCIH2170_LOW_HER2_R1_G1_2404_36_Merge(RGB),98,14,84
NCIH2170_LOW_HER2_R1_G2_24_10_75_Merge(RGB).tif,NCIH2170_LOW_HER2_R1_G2_24_10_75_Merge(RGB),193,31,162
NCIH2170_LOW_HER2_R1_G0_2501_130_Merge.tif (RGB).tif,NCIH2170_LOW_HER2_R1_G0_2501_130,133,2,131
NCIH2170_TOTAL_HER2_R1_G2_24_10_95_Merge(RGB).tif,NCIH2170_TOTAL_HER2_R1_G2_24_10_95_Merge(RGB),291,0,291
NCIH2170_HIGH_HER2_R1_G2_24_10_104_Merge(RGB).tif,NCIH2170_HIGH_HER2_R1_G2_24_10_104_Merge(RGB),193,13,180
NCIH2170_LOW_HER2_R1_G1_2404_84_Merge(RGB).tif,NCIH2170_LOW_HER2_R1_G1_2404_84_Merge(RGB),332,7,325
NCIH2170_LOW_HER2_R1_G1_2404_4_Merge(RGB).tif,NCIH2170_LOW_HER2_R1_G1_2404_4_Merge(RGB),82,1,81
NCIH2170_LOW_HER2_R1_G1_2404_5_Merge(RGB).tif,NCIH2170_LOW_HER2_R1_G1_2404_5_Merge(RGB),79,3,76
NCIH2170_HIGH_HER2_R1_G1_2404_S2_48_Merge(RGB).tif,NCIH2170_HIGH_HER2_R1_G1_2404_S2_48_Merge(RGB),261,0,261
NCIH2170_TOTAL_HER2_R1_G0_2501_81_Merge.tif (RGB).tif,NCIH2170_TOTAL_HER2_R1_G0_2501_81,139,0,139
NCIH2170_LOW_HER2_R1_G0_2501_105_Merge.tif (RGB).tif,NCIH2170_LOW_HER2_R1_G0_2501_105,221,21,200
NCIH2170_HIGH_HER2_R1_G0_2501_42_Merge.tif (RGB).tif,NCIH2170_HIGH_HER2_R1_G0_2501_42,215,4,211
NCIH2170_HIGH_HER2_R1_G0_2501_57_Merge.tif (RGB).tif,NCIH2170_HIGH_HER2_R1_G0_2501_57,179,3,176
NCIH2170_HIGH_HER2_R1_G0_2501_2_Merge.tif (RGB).tif,NCIH2170_HIGH_HER2_R1_G0_2501_2,212,2,210
NCIH2170_TOTAL_HER2_R1_G1_2404_82_Merge(RGB).tif,NCIH2170_TOTAL_HER2_R1_G1_2404_82_Merge(RGB),152,0,152
NCIH2170_HIGH_HER2_R1_G0_2501_26_Merge.tif (RGB).tif,NCIH2170_HIGH_HER2_R1_G0_2501_26,222,6,216
NCIH2170_TOTAL_HER2_R1_G1_2404_33_Merge(RGB).tif,NCIH2170_TOTAL_HER2_R1_G1_2404_33_Merge(RGB),58,0,58
NCIH2170_TOTAL_HER2_R1_G1_2404_124_Merge(RGB).tif,NCIH2170_TOTAL_HER2_R1_G1_2404_124_Merge(RGB),328,3,325
NCIH2170_LOW_HER2_R1_G0_2501_58_Merge.tif (RGB).tif,NCIH2170_LOW_HER2_R1_G0_2501_58,184,1,183
NCIH2170_TOTAL_HER2_R1_G0_2501_34_Merge.tif (RGB).tif,NCIH2170_TOTAL_HER2_R1_G0_2501_34,211,22,189
NCIH2170_HIGH_HER2_R1_G2_24_10_58_Merge(RGB).tif,NCIH2170_HIGH_HER2_R1_G2_24_10_58_Merge(RGB),66,9,57
NCIH2170_TOTAL_HER2_R1_G2_24_10_70_Merge(RGB).tif,NCIH2170_TOTAL_HER2_R1_G2_24_10_70_Merge(RGB),247,2,245
NCIH2170_TOTAL_HER2_R1_G1_2404_36_Merge(RGB).tif,NCIH2170_TOTAL_HER2_R1_G1_2404_36_Merge(RGB),164,5,159
NCIH2170_TOTAL_HER2_R1_G2_24_10_33_Merge(RGB).tif,NCIH2170_TOTAL_HER2_R1_G2_24_10_33_Merge(RGB),105,20,85
NCIH2170_HIGH_HER2_R1_G0_2501_73_Merge.tif (RGB).tif,NCIH2170_HIGH_HER2_R1_G0_2501_73,118,19,99
NCIH2170_HIGH_HER2_R1_G1_2404_S2_83_Merge(RGB).tif,NCIH2170_HIGH_HER2_R1_G1_2404_S2_83_Merge(RGB),437,5,432
NCIH2170_HIGH_HER2_R1_G1_2404_S2_86_Merge(RGB).tif,NCIH2170_HIGH_HER2_R1_G1_2404_S2_86_Merge(RGB),164,0,164
NCIH2170_TOTAL_HER2_R1_G1_2404_77_Merge(RGB).tif,NCIH2170_TOTAL_HER2_R1_G1_2404_77_Merge(RGB),137,5,132
NCIH2170_TOTAL_HER2_R1_G1_2404_55_Merge(RGB).tif,NCIH2170_TOTAL_HER2_R1_G1_2404_55_Merge(RGB),142,9,133
NCIH2170_HIGH_HER2_R1_G0_2501_106_Merge.tif (RGB).tif,NCIH2170_HIGH_HER2_R1_G0_2501_106,200,11,189
NCIH2170_TOTAL_HER2_R1_G1_2404_29_Merge(RGB).tif,NCIH2170_TOTAL_HER2_R1_G1_2404_29_Merge(RGB),112,0,112
NCIH2170_TOTAL_HER2_R1_G1_2404_110_Merge(RGB).tif,NCIH2170_TOTAL_HER2_R1_G1_2404_110_Merge(RGB),125,0,125
NCIH2170_HIGH_HER2_R1_G0_2501_5_Merge.tif (RGB).tif,NCIH2170_HIGH_HER2_R1_G0_2501_5,361,8,353
NCIH2170_LOW_HER2_R1_G0_2501_6_Merge.tif (RGB).tif,NCIH2170_LOW_HER2_R1_G0_2501_6,114,3,111
NCIH2170_LOW_HER2_R1_G0_2501_115_Merge.tif (RGB).tif,NCIH2170_LOW_HER2_R1_G0_2501_115,95,3,92
NCIH2170_HIGH_HER2_R1_G0_2501_28_Merge.tif (RGB).tif,NCIH2170_HIGH_HER2_R1_G0_2501_28,437,3,434
NCIH2170_LOW_HER2_R1_G0_2501_108_Merge.tif (RGB).tif,NCIH2170_LOW_HER2_R1_G0_2501_108,108,15,93
NCIH2170_HIGH_HER2_R1_G2_24_10_83_Merge(RGB).tif,NCIH2170_HIGH_HER2_R1_G2_24_10_83_Merge(RGB),250,1,249
NCIH2170_HIGH_HER2_R1_G1_2404_S2_106_Merge(RGB).tif,NCIH2170_HIGH_HER2_R1_G1_2404_S2_106_Merge(RGB),230,0,230
NCIH2170_LOW_HER2_R1_G0_2501_104_Merge.tif (RGB).tif,NCIH2170_LOW_HER2_R1_G0_2501_104,172,3,169
NCIH2170_LOW_HER2_R1_G2_24_10_126_Merge(RGB).tif,NCIH2170_LOW_HER2_R1_G2_24_10_126_Merge(RGB),276,1,275
NCIH2170_LOW_HER2_R1_G0_2501_4_Merge.tif (RGB).tif,NCIH2170_LOW_HER2_R1_G0_2501_4,139,7,132
NCIH2170_TOTAL_HER2_R1_G0_2501_86_Merge.tif (RGB).tif,NCIH2170_TOTAL_HER2_R1_G0_2501_86,300,1,299
NCIH2170_TOTAL_HER2_R1_G1_2404_28_Merge(RGB).tif,NCIH2170_TOTAL_HER2_R1_G1_2404_28_Merge(RGB),82,2,80
NCIH2170_HIGH_HER2_R1_G0_2501_89_Merge.tif (RGB).tif,NCIH2170_HIGH_HER2_R1_G0_2501_89,137,18,119
NCIH2170_HIGH_HER2_R1_G1_2404_S2_16_Merge(RGB).tif,NCIH2170_HIGH_HER2_R1_G1_2404_S2_16_Merge(RGB),720,3,717
NCIH2170_LOW_HER2_R1_G2_24_10_56_Merge(RGB).tif,NCIH2170_LOW_HER2_R1_G2_24_10_56_Merge(RGB),59,14,45
NCIH2170_HIGH_HER2_R1_G0_2501_16_Merge.tif (RGB).tif,NCIH2170_HIGH_HER2_R1_G0_2501_16,148,5,143
NCIH2170_HIGH_HER2_R1_G2_24_10_29_Merge(RGB).tif,NCIH2170_HIGH_HER2_R1_G2_24_10_29_Merge(RGB),372,11,361
NCIH2170_LOW_HER2_R1_G1_2404_12_Merge(RGB).tif,NCIH2170_LOW_HER2_R1_G1_2404_12_Merge(RGB),484,11,473
NCIH2170_TOTAL_HER2_R1_G0_2501_41_Merge.tif (RGB).tif,NCIH2170_TOTAL_HER2_R1_G0_2501_41,163,17,146
NCIH2170_TOTAL_HER2_R1_G2_24_10_34_Merge(RGB).tif,NCIH2170_TOTAL_HER2_R1_G2_24_10_34_Merge(RGB),230,6,224
NCIH2170_LOW_HER2_R1_G2_24_10_127_Merge(RGB).tif,NCIH2170_LOW_HER2_R1_G2_24_10_127_Merge(RGB),156,2,154
NCIH2170_LOW_HER2_R1_G0_2501_81_Merge.tif (RGB).tif,NCIH2170_LOW_HER2_R1_G0_2501_81,74,0,74
NCIH2170_HIGH_HER2_R1_G2_24_10_79_Merge(RGB).tif,NCIH2170_HIGH_HER2_R1_G2_24_10_79_Merge(RGB),97,10,87
NCIH2170_TOTAL_HER2_R1_G0_2501_59_Merge.tif (RGB).tif,NCIH2170_TOTAL_HER2_R1_G0_2501_59,132,5,127
NCIH2170_LOW_HER2_R1_G0_2501_67_Merge.tif (RGB).tif,NCIH2170_LOW_HER2_R1_G0_2501_67,165,19,146
NCIH2170_HIGH_HER2_R1_G1_2404_S2_88_Merge(RGB).tif,NCIH2170_HIGH_HER2_R1_G1_2404_S2_88_Merge(RGB),420,2,418
NCIH2170_LOW_HER2_R1_G0_2501_40_Merge.tif (RGB).tif,NCIH2170_LOW_HER2_R1_G0_2501_40,86,5,81
NCIH2170_LOW_HER2_R1_G2_24_10_54_Merge(RGB).tif,NCIH2170_LOW_HER2_R1_G2_24_10_54_Merge(RGB),100,1,99
NCIH2170_HIGH_HER2_R1_G0_2501_75_Merge.tif (RGB).tif,NCIH2170_HIGH_HER2_R1_G0_2501_75,148,4,144
NCIH2170_TOTAL_HER2_R1_G2_24_10_72_Merge(RGB).tif,NCIH2170_TOTAL_HER2_R1_G2_24_10_72_Merge(RGB),219,2,217
NCIH2170_TOTAL_HER2_R1_G1_2404_61_Merge(RGB).tif,NCIH2170_TOTAL_HER2_R1_G1_2404_61_Merge(RGB),185,9,176
NCIH2170_LOW_HER2_R1_G2_24_10_99A_Merge(RGB).tif,NCIH2170_LOW_HER2_R1_G2_24_10_99A_Merge(RGB),166,8,158
NCIH2170_LOW_HER2_R1_G0_2501_125_Merge.tif (RGB).tif,NCIH2170_LOW_HER2_R1_G0_2501_125,154,6,148
NCIH2170_HIGH_HER2_R1_G1_2404_S2_27_Merge(RGB).tif,NCIH2170_HIGH_HER2_R1_G1_2404_S2_27_Merge(RGB),212,1,211
NCIH2170_TOTAL_HER2_R1_G2_24_10_58_Merge(RGB).tif,NCIH2170_TOTAL_HER2_R1_G2_24_10_58_Merge(RGB),169,8,161
NCIH2170_LOW_HER2_R1_G2_24_10_57B_Merge(RGB).tif,NCIH2170_LOW_HER2_R1_G2_24_10_57B_Merge(RGB),76,4,72
NCIH2170_TOTAL_HER2_R1_G1_2404_66_Merge(RGB).tif,NCIH2170_TOTAL_HER2_R1_G1_2404_66_Merge(RGB),58,0,58
NCIH2170_HIGH_HER2_R1_G2_24_10_66_Merge(RGB).tif,NCIH2170_HIGH_HER2_R1_G2_24_10_66_Merge(RGB),316,63,253
NCIH2170_LOW_HER2_R1_G0_2501_39_Merge.tif (RGB).tif,NCIH2170_LOW_HER2_R1_G0_2501_39,46,2,44
NCIH2170_LOW_HER2_R1_G1_2404_6_Merge(RGB).tif,NCIH2170_LOW_HER2_R1_G1_2404_6_Merge(RGB),364,0,364
NCIH2170_LOW_HER2_R1_G0_2501_129_Merge.tif (RGB).tif,NCIH2170_LOW_HER2_R1_G0_2501_129,106,2,104
NCIH2170_LOW_HER2_R1_G1_2404_81_Merge(RGB).tif,NCIH2170_LOW_HER2_R1_G1_2404_81_Merge(RGB),130,1,129
NCIH2170_LOW_HER2_R1_G0_2501_22_Merge.tif (RGB).tif,NCIH2170_LOW_HER2_R1_G0_2501_22,124,3,121
NCIH2170_TOTAL_HER2_R1_G0_2501_56A_Merge.tif (RGB).tif,NCIH2170_TOTAL_HER2_R1_G0_2501_56A,142,36,106
NCIH2170_HIGH_HER2_R1_G2_24_10_56_Merge(RGB).tif,NCIH2170_HIGH_HER2_R1_G2_24_10_56_Merge(RGB),323,5,318
NCIH2170_LOW_HER2_R1_G2_24_10_107_Merge(RGB).tif,NCIH2170_LOW_HER2_R1_G2_24_10_107_Merge(RGB),175,1,174
NCIH2170_TOTAL_HER2_R1_G0_2501_14_Merge.tif (RGB).tif,NCIH2170_TOTAL_HER2_R1_G0_2501_14,156,15,141
NCIH2170_HIGH_HER2_R1_G1_2404_S2_42_Merge(RGB).tif,NCIH2170_HIGH_HER2_R1_G1_2404_S2_42_Merge(RGB),166,1,165
NCIH2170_LOW_HER2_R1_G1_2404_21_Merge(RGB).tif,NCIH2170_LOW_HER2_R1_G1_2404_21_Merge(RGB),55,0,55
NCIH2170_TOTAL_HER2_R1_G1_2404_74_Merge(RGB).tif,NCIH2170_TOTAL_HER2_R1_G1_2404_74_Merge(RGB),66,2,64
NCIH2170_TOTAL_HER2_R1_G0_2501_19_Merge.tif (RGB).tif,NCIH2170_TOTAL_HER2_R1_G0_2501_19,126,1,125
NCIH2170_LOW_HER2_R1_G2_24_10_81_Merge(RGB).tif,NCIH2170_LOW_HER2_R1_G2_24_10_81_Merge(RGB),115,37,78
NCIH2170_TOTAL_HER2_R1_G0_2501_94_Merge.tif (RGB).tif,NCIH2170_TOTAL_HER2_R1_G0_2501_94,190,0,190
NCIH2170_TOTAL_HER2_R1_G1_2404_7_Merge(RGB).tif,NCIH2170_TOTAL_HER2_R1_G1_2404_7_Merge(RGB),142,31,111
NCIH2170_HIGH_HER2_R1_G1_2404_S2_102_Merge(RGB).tif,NCIH2170_HIGH_HER2_R1_G1_2404_S2_102_Merge(RGB),202,0,202
NCIH2170_HIGH_HER2_R1_G0_2501_115_Merge.tif (RGB).tif,NCIH2170_HIGH_HER2_R1_G0_2501_115,387,4,383
NCIH2170_TOTAL_HER2_R1_G0_2501_104_Merge.tif (RGB).tif,NCIH2170_TOTAL_HER2_R1_G0_2501_104,146,0,146
NCIH2170_TOTAL_HER2_R1_G1_2404_119_Merge(RGB).tif,NCIH2170_TOTAL_HER2_R1_G1_2404_119_Merge(RGB),60,6,54
NCIH2170_TOTAL_HER2_R1_G2_24_10_1_Merge(RGB).tif,NCIH2170_TOTAL_HER2_R1_G2_24_10_1_Merge(RGB),82,1,81
NCIH2170_TOTAL_HER2_R1_G2_24_10_116_Merge(RGB).tif,NCIH2170_TOTAL_HER2_R1_G2_24_10_116_Merge(RGB),461,0,461
NCIH2170_HIGH_HER2_R1_G2_24_10_1_Merge(RGB).tif,NCIH2170_HIGH_HER2_R1_G2_24_10_1_Merge(RGB),230,49,181
NCIH2170_LOW_HER2_R1_G1_2404_29_Merge(RGB).tif,NCIH2170_LOW_HER2_R1_G1_2404_29_Merge(RGB),53,0,53
NCIH2170_HIGH_HER2_R1_G0_2501_55_Merge.tif (RGB).tif,NCIH2170_HIGH_HER2_R1_G0_2501_55,263,9,254
NCIH2170_TOTAL_HER2_R1_G1_2404_79_Merge(RGB).tif,NCIH2170_TOTAL_HER2_R1_G1_2404_79_Merge(RGB),264,53,211
NCIH2170_TOTAL_HER2_R1_G2_24_10_63_Merge(RGB).tif,NCIH2170_TOTAL_HER2_R1_G2_24_10_63_Merge(RGB),213,0,213
NCIH2170_HIGH_HER2_R1_G0_2501_27_Merge.tif (RGB).tif,NCIH2170_HIGH_HER2_R1_G0_2501_27,92,4,88
NCIH2170_HIGH_HER2_R1_G1_2404_S2_58_Merge(RGB).tif,NCIH2170_HIGH_HER2_R1_G1_2404_S2_58_Merge(RGB),114,8,106
NCIH2170_TOTAL_HER2_R1_G2_24_10_52_Merge(RGB).tif,NCIH2170_TOTAL_HER2_R1_G2_24_10_52_Merge(RGB),273,0,273
NCIH2170_TOTAL_HER2_R1_G1_2404_34_Merge(RGB).tif,NCIH2170_TOTAL_HER2_R1_G1_2404_34_Merge(RGB),89,4,85
NCIH2170_TOTAL_HER2_R1_G1_2404_54_Merge(RGB).tif,NCIH2170_TOTAL_HER2_R1_G1_2404_54_Merge(RGB),119,14,105
NCIH2170_LOW_HER2_R1_G0_2501_21_Merge.tif (RGB).tif,NCIH2170_LOW_HER2_R1_G0_2501_21,127,16,111
NCIH2170_LOW_HER2_R1_G2_24_10_2_Merge(RGB).tif,NCIH2170_LOW_HER2_R1_G2_24_10_2_Merge(RGB),286,0,286
NCIH2170_LOW_HER2_R1_G2_24_10_32_Merge(RGB).tif,NCIH2170_LOW_HER2_R1_G2_24_10_32_Merge(RGB),355,7,348
NCIH2170_LOW_HER2_R1_G0_2501_42_Merge.tif (RGB).tif,NCIH2170_LOW_HER2_R1_G0_2501_42,129,18,111
NCIH2170_HIGH_HER2_R1_G1_2404_S2_51_Merge(RGB).tif,NCIH2170_HIGH_HER2_R1_G1_2404_S2_51_Merge(RGB),260,0,260
NCIH2170_HIGH_HER2_R1_G0_2501_65_Merge.tif (RGB).tif,NCIH2170_HIGH_HER2_R1_G0_2501_65,156,5,151
NCIH2170_HIGH_HER2_R1_G1_2404_S2_70_Merge(RGB).tif,NCIH2170_HIGH_HER2_R1_G1_2404_S2_70_Merge(RGB),389,8,381
NCIH2170_HIGH_HER2_R1_G0_2501_23_Merge.tif (RGB).tif,NCIH2170_HIGH_HER2_R1_G0_2501_23,343,7,336
NCIH2170_LOW_HER2_R1_G2_24_10_1_Merge(RGB).tif,NCIH2170_LOW_HER2_R1_G2_24_10_1_Merge(RGB),186,3,183
NCIH2170_HIGH_HER2_R1_G0_2501_129_Merge.tif (RGB).tif,NCIH2170_HIGH_HER2_R1_G0_2501_129,143,8,135
NCIH2170_TOTAL_HER2_R1_G2_24_10_12_Merge(RGB).tif,NCIH2170_TOTAL_HER2_R1_G2_24_10_12_Merge(RGB),235,6,229
NCIH2170_HIGH_HER2_R1_G1_2404_S2_66_Merge(RGB).tif,NCIH2170_HIGH_HER2_R1_G1_2404_S2_66_Merge(RGB),137,2,135
NCIH2170_LOW_HER2_R1_G2_24_10_102_Merge(RGB).tif,NCIH2170_LOW_HER2_R1_G2_24_10_102_Merge(RGB),203,8,195
NCIH2170_TOTAL_HER2_R1_G2_24_10_129_Merge(RGB).tif,NCIH2170_TOTAL_HER2_R1_G2_24_10_129_Merge(RGB),258,1,257
NCIH2170_LOW_HER2_R1_G2_24_10_118_Merge(RGB).tif,NCIH2170_LOW_HER2_R1_G2_24_10_118_Merge(RGB),177,10,167
NCIH2170_TOTAL_HER2_R1_G0_2501_1_Merge.tif (RGB).tif,NCIH2170_TOTAL_HER2_R1_G0_2501_1,110,1,109
NCIH2170_TOTAL_HER2_R1_G0_2501_25_Merge.tif (RGB).tif,NCIH2170_TOTAL_HER2_R1_G0_2501_25,88,0,88
NCIH2170_HIGH_HER2_R1_G0_2501_25_Merge.tif (RGB).tif,NCIH2170_HIGH_HER2_R1_G0_2501_25,133,6,127
NCIH2170_TOTAL_HER2_R1_G0_2501_47B_Merge.tif (RGB).tif,NCIH2170_TOTAL_HER2_R1_G0_2501_47B,73,0,73
NCIH2170_HIGH_HER2_R1_G0_2501_49_Merge.tif (RGB).tif,NCIH2170_HIGH_HER2_R1_G0_2501_49,183,17,166
NCIH2170_HIGH_HER2_R1_G2_24_10_36C_Merge(RGB).tif,NCIH2170_HIGH_HER2_R1_G2_24_10_36C_Merge(RGB),268,6,262
NCIH2170_LOW_HER2_R1_G2_24_10_15_Merge(RGB).tif,NCIH2170_LOW_HER2_R1_G2_24_10_15_Merge(RGB),148,0,148
NCIH2170_TOTAL_HER2_R1_G2_24_10_79_Merge(RGB).tif,NCIH2170_TOTAL_HER2_R1_G2_24_10_79_Merge(RGB),250,0,250
NCIH2170_TOTAL_HER2_R1_G2_24_10_125_Merge(RGB).tif,NCIH2170_TOTAL_HER2_R1_G2_24_10_125_Merge(RGB),470,11,459
NCIH2170_HIGH_HER2_R1_G0_2501_1_Merge.tif (RGB).tif,NCIH2170_HIGH_HER2_R1_G0_2501_1,239,2,237
NCIH2170_TOTAL_HER2_R1_G1_2404_123_Merge(RGB).tif,NCIH2170_TOTAL_HER2_R1_G1_2404_123_Merge(RGB),219,8,211
NCIH2170_HIGH_HER2_R1_G0_2501_114_Merge.tif (RGB).tif,NCIH2170_HIGH_HER2_R1_G0_2501_114,167,10,157
NCIH2170_HIGH_HER2_R1_G0_2501_125_Merge.tif (RGB).tif,NCIH2170_HIGH_HER2_R1_G0_2501_125,231,6,225
NCIH2170_HIGH_HER2_R1_G2_24_10_75_Merge(RGB).tif,NCIH2170_HIGH_HER2_R1_G2_24_10_75_Merge(RGB),220,24,196
NCIH2170_HIGH_HER2_R1_G1_2404_S2_33_Merge(RGB).tif,NCIH2170_HIGH_HER2_R1_G1_2404_S2_33_Merge(RGB),74,0,74
NCIH2170_TOTAL_HER2_R1_G1_2404_63_Merge(RGB).tif,NCIH2170_TOTAL_HER2_R1_G1_2404_63_Merge(RGB),192,12,180
NCIH2170_TOTAL_HER2_R1_G0_2501_107A_Merge.tif (RGB).tif,NCIH2170_TOTAL_HER2_R1_G0_2501_107A,128,27,101
NCIH2170_LOW_HER2_R1_G0_2501_74_Merge.tif (RGB).tif,NCIH2170_LOW_HER2_R1_G0_2501_74,103,9,94
NCIH2170_LOW_HER2_R1_G1_2404_73_Merge(RGB).tif,NCIH2170_LOW_HER2_R1_G1_2404_73_Merge(RGB),267,6,261
NCIH2170_TOTAL_HER2_R1_G1_2404_47_Merge(RGB).tif,NCIH2170_TOTAL_HER2_R1_G1_2404_47_Merge(RGB),190,0,190
NCIH2170_LOW_HER2_R1_G0_2501_126_Merge.tif (RGB).tif,NCIH2170_LOW_HER2_R1_G0_2501_126,128,1,127
NCIH2170_TOTAL_HER2_R1_G0_2501_55_Merge.tif (RGB).tif,NCIH2170_TOTAL_HER2_R1_G0_2501_55,143,0,143
NCIH2170_LOW_HER2_R1_G1_2404_19_Merge(RGB).tif,NCIH2170_LOW_HER2_R1_G1_2404_19_Merge(RGB),52,0,52
NCIH2170_TOTAL_HER2_R1_G2_24_10_86_Merge(RGB).tif,NCIH2170_TOTAL_HER2_R1_G2_24_10_86_Merge(RGB),159,0,159
NCIH2170_HIGH_HER2_R1_G0_2501_37_Merge.tif (RGB).tif,NCIH2170_HIGH_HER2_R1_G0_2501_37,130,9,121
NCIH2170_TOTAL_HER2_R1_G0_2501_58_Merge.tif (RGB).tif,NCIH2170_TOTAL_HER2_R1_G0_2501_58,286,4,282
NCIH2170_LOW_HER2_R1_G0_2501_99_Merge.tif (RGB).tif,NCIH2170_LOW_HER2_R1_G0_2501_99,155,19,136
NCIH2170_LOW_HER2_R1_G0_2501_35_Merge.tif (RGB).tif,NCIH2170_LOW_HER2_R1_G0_2501_35,185,16,169
NCIH2170_TOTAL_HER2_R1_G1_2404_109_Merge(RGB).tif,NCIH2170_TOTAL_HER2_R1_G1_2404_109_Merge(RGB),158,2,156
NCIH2170_HIGH_HER2_R1_G2_24_10_110_Merge(RGB).tif,NCIH2170_HIGH_HER2_R1_G2_24_10_110_Merge(RGB),255,1,254
NCIH2170_TOTAL_HER2_R1_G0_2501_46_Merge.tif (RGB).tif,NCIH2170_TOTAL_HER2_R1_G0_2501_46,198,0,198
NCIH2170_TOTAL_HER2_R1_G0_2501_77_Merge.tif (RGB).tif,NCIH2170_TOTAL_HER2_R1_G0_2501_77,180,5,175
NCIH2170_LOW_HER2_R1_G0_2501_32_Merge.tif (RGB).tif,NCIH2170_LOW_HER2_R1_G0_2501_32,67,7,60
NCIH2170_LOW_HER2_R1_G2_24_10_115_Merge(RGB).tif,NCIH2170_LOW_HER2_R1_G2_24_10_115_Merge(RGB),182,6,176
NCIH2170_HIGH_HER2_R1_G1_2404_S2_63_Merge(RGB).tif,NCIH2170_HIGH_HER2_R1_G1_2404_S2_63_Merge(RGB),95,3,92
NCIH2170_LOW_HER2_R1_G0_2501_7_Merge.tif (RGB).tif,NCIH2170_LOW_HER2_R1_G0_2501_7,54,1,53
NCIH2170_TOTAL_HER2_R1_G1_2404_49_Merge(RGB).tif,NCIH2170_TOTAL_HER2_R1_G1_2404_49_Merge(RGB),426,0,426
NCIH2170_TOTAL_HER2_R1_G0_2501_82_Merge.tif (RGB).tif,NCIH2170_TOTAL_HER2_R1_G0_2501_82,132,0,132
NCIH2170_LOW_HER2_R1_G2_24_10_33_Merge(RGB).tif,NCIH2170_LOW_HER2_R1_G2_24_10_33_Merge(RGB),230,23,207
NCIH2170_HIGH_HER2_R1_G0_2501_41_Merge.tif (RGB).tif,NCIH2170_HIGH_HER2_R1_G0_2501_41,116,2,114
NCIH2170_HIGH_HER2_R1_G2_24_10_72_Merge(RGB).tif,NCIH2170_HIGH_HER2_R1_G2_24_10_72_Merge(RGB),434,19,415
NCIH2170_TOTAL_HER2_R1_G0_2501_40_Merge.tif (RGB).tif,NCIH2170_TOTAL_HER2_R1_G0_2501_40,236,19,217
NCIH2170_HIGH_HER2_R1_G1_2404_S2_114_Merge(RGB).tif,NCIH2170_HIGH_HER2_R1_G1_2404_S2_114_Merge(RGB),163,0,163
NCIH2170_HIGH_HER2_R1_G2_24_10_129_Merge(RGB).tif,NCIH2170_HIGH_HER2_R1_G2_24_10_129_Merge(RGB),132,10,122
NCIH2170_TOTAL_HER2_R1_G1_2404_16_Merge(RGB).tif,NCIH2170_TOTAL_HER2_R1_G1_2404_16_Merge(RGB),463,2,461
NCIH2170_HIGH_HER2_R1_G2_24_10_90_Merge(RGB).tif,NCIH2170_HIGH_HER2_R1_G2_24_10_90_Merge(RGB),196,13,183
NCIH2170_TOTAL_HER2_R1_G1_2404_68_Merge(RGB).tif,NCIH2170_TOTAL_HER2_R1_G1_2404_68_Merge(RGB),151,25,126
NCIH2170_LOW_HER2_R1_G0_2501_37_Merge.tif (RGB).tif,NCIH2170_LOW_HER2_R1_G0_2501_37,36,5,31
NCIH2170_TOTAL_HER2_R1_G1_2404_64_Merge(RGB).tif,NCIH2170_TOTAL_HER2_R1_G1_2404_64_Merge(RGB),200,32,168
NCIH2170_LOW_HER2_R1_G2_24_10_105_Merge(RGB).tif,NCIH2170_LOW_HER2_R1_G2_24_10_105_Merge(RGB),148,36,112
NCIH2170_HIGH_HER2_R1_G1_2404_S2_117_Merge(RGB).tif,NCIH2170_HIGH_HER2_R1_G1_2404_S2_117_Merge(RGB),145,26,119
NCIH2170_LOW_HER2_R1_G2_24_10_43_Merge(RGB).tif,NCIH2170_LOW_HER2_R1_G2_24_10_43_Merge(RGB),84,10,74
NCIH2170_TOTAL_HER2_R1_G2_24_10_80_Merge(RGB).tif,NCIH2170_TOTAL_HER2_R1_G2_24_10_80_Merge(RGB),387,2,385
NCIH2170_TOTAL_HER2_R1_G2_24_10_42_Merge(RGB).tif,NCIH2170_TOTAL_HER2_R1_G2_24_10_42_Merge(RGB),119,12,107
NCIH2170_TOTAL_HER2_R1_G1_2404_92_Merge(RGB).tif,NCIH2170_TOTAL_HER2_R1_G1_2404_92_Merge(RGB),196,9,187
NCIH2170_TOTAL_HER2_R1_G1_2404_113_Merge(RGB).tif,NCIH2170_TOTAL_HER2_R1_G1_2404_113_Merge(RGB),179,0,179
NCIH2170_TOTAL_HER2_R1_G0_2501_39_Merge.tif (RGB).tif,NCIH2170_TOTAL_HER2_R1_G0_2501_39,139,1,138
NCIH2170_HIGH_HER2_R1_G2_24_10_85_Merge(RGB).tif,NCIH2170_HIGH_HER2_R1_G2_24_10_85_Merge(RGB),231,2,229
NCIH2170_TOTAL_HER2_R1_G2_24_10_5_Merge(RGB).tif,NCIH2170_TOTAL_HER2_R1_G2_24_10_5_Merge(RGB),181,5,176
NCIH2170_LOW_HER2_R1_G2_24_10_46_Merge(RGB).tif,NCIH2170_LOW_HER2_R1_G2_24_10_46_Merge(RGB),178,8,170
NCIH2170_TOTAL_HER2_R1_G0_2501_6_Merge.tif (RGB).tif,NCIH2170_TOTAL_HER2_R1_G0_2501_6,145,8,137
NCIH2170_HIGH_HER2_R1_G2_24_10_67_Merge(RGB).tif,NCIH2170_HIGH_HER2_R1_G2_24_10_67_Merge(RGB),339,5,334
NCIH2170_HIGH_HER2_R1_G1_2404_S2_91_Merge(RGB).tif,NCIH2170_HIGH_HER2_R1_G1_2404_S2_91_Merge(RGB),59,0,59
NCIH2170_HIGH_HER2_R1_G2_24_10_109_Merge(RGB).tif,NCIH2170_HIGH_HER2_R1_G2_24_10_109_Merge(RGB),177,11,166
NCIH2170_LOW_HER2_R1_G0_2501_46_Merge.tif (RGB).tif,NCIH2170_LOW_HER2_R1_G0_2501_46,194,8,186
NCIH2170_TOTAL_HER2_R1_G0_2501_74_Merge.tif (RGB).tif,NCIH2170_TOTAL_HER2_R1_G0_2501_74,142,0,142
NCIH2170_TOTAL_HER2_R1_G0_2501_127_Merge.tif (RGB).tif,NCIH2170_TOTAL_HER2_R1_G0_2501_127,107,0,107
NCIH2170_HIGH_HER2_R1_G2_24_10_82B_Merge(RGB).tif,NCIH2170_HIGH_HER2_R1_G2_24_10_82B_Merge(RGB),214,4,210
NCIH2170_HIGH_HER2_R1_G0_2501_8_Merge.tif (RGB).tif,NCIH2170_HIGH_HER2_R1_G0_2501_8,76,3,73
NCIH2170_TOTAL_HER2_R1_G2_24_10_30_Merge(RGB).tif,NCIH2170_TOTAL_HER2_R1_G2_24_10_30_Merge(RGB),39,5,34
NCIH2170_TOTAL_HER2_R1_G2_24_10_16_Merge(RGB).tif,NCIH2170_TOTAL_HER2_R1_G2_24_10_16_Merge(RGB),290,11,279
NCIH2170_HIGH_HER2_R1_G1_2404_S2_64_Merge(RGB).tif,NCIH2170_HIGH_HER2_R1_G1_2404_S2_64_Merge(RGB),174,0,174
NCIH2170_TOTAL_HER2_R1_G2_24_10_17_Merge(RGB).tif,NCIH2170_TOTAL_HER2_R1_G2_24_10_17_Merge(RGB),114,3,111
NCIH2170_HIGH_HER2_R1_G0_2501_29_Merge.tif (RGB).tif,NCIH2170_HIGH_HER2_R1_G0_2501_29,262,15,247
NCIH2170_HIGH_HER2_R1_G1_2404_S2_121_Merge(RGB).tif,NCIH2170_HIGH_HER2_R1_G1_2404_S2_121_Merge(RGB),210,0,210
NCIH2170_TOTAL_HER2_R1_G1_2404_72_Merge(RGB).tif,NCIH2170_TOTAL_HER2_R1_G1_2404_72_Merge(RGB),227,7,220
NCIH2170_LOW_HER2_R1_G2_24_10_130_Merge(RGB).tif,NCIH2170_LOW_HER2_R1_G2_24_10_130_Merge(RGB),142,41,101
NCIH2170_LOW_HER2_R1_G1_2404_71_Merge(RGB).tif,NCIH2170_LOW_HER2_R1_G1_2404_71_Merge(RGB),111,3,108
NCIH2170_HIGH_HER2_R1_G2_24_10_44_Merge(RGB).tif,NCIH2170_HIGH_HER2_R1_G2_24_10_44_Merge(RGB),214,6,208
NCIH2170_LOW_HER2_R1_G1_2404_26_Merge(RGB).tif,NCIH2170_LOW_HER2_R1_G1_2404_26_Merge(RGB),308,25,283
NCIH2170_LOW_HER2_R1_G2_24_10_79_Merge(RGB).tif,NCIH2170_LOW_HER2_R1_G2_24_10_79_Merge(RGB),330,9,321
NCIH2170_LOW_HER2_R1_G2_24_10_20_Merge(RGB).tif,NCIH2170_LOW_HER2_R1_G2_24_10_20_Merge(RGB),640,7,633
NCIH2170_HIGH_HER2_R1_G1_2404_S2_78_Merge(RGB).tif,NCIH2170_HIGH_HER2_R1_G1_2404_S2_78_Merge(RGB),109,6,103
NCIH2170_HIGH_HER2_R1_G1_2404_S2_105_Merge(RGB).tif,NCIH2170_HIGH_HER2_R1_G1_2404_S2_105_Merge(RGB),304,0,304
NCIH2170_LOW_HER2_R1_G1_2404_31_Merge(RGB).tif,NCIH2170_LOW_HER2_R1_G1_2404_31_Merge(RGB),64,0,64
NCIH2170_HIGH_HER2_R1_G1_2404_S2_17_Merge(RGB).tif,NCIH2170_HIGH_HER2_R1_G1_2404_S2_17_Merge(RGB),67,8,59
NCIH2170_TOTAL_HER2_R1_G1_2404_93_Merge(RGB).tif,NCIH2170_TOTAL_HER2_R1_G1_2404_93_Merge(RGB),131,1,130
NCIH2170_HIGH_HER2_R1_G0_2501_99_Merge.tif (RGB).tif,NCIH2170_HIGH_HER2_R1_G0_2501_99,218,3,215
NCIH2170_TOTAL_HER2_R1_G1_2404_116_Merge(RGB).tif,NCIH2170_TOTAL_HER2_R1_G1_2404_116_Merge(RGB),185,0,185
NCIH2170_TOTAL_HER2_R1_G2_24_10_3_Merge(RGB).tif,NCIH2170_TOTAL_HER2_R1_G2_24_10_3_Merge(RGB),256,15,241
NCIH2170_HIGH_HER2_R1_G2_24_10_4_Merge(RGB).tif,NCIH2170_HIGH_HER2_R1_G2_24_10_4_Merge(RGB),123,10,113
NCIH2170_HIGH_HER2_R1_G0_2501_130_Merge.tif (RGB).tif,NCIH2170_HIGH_HER2_R1_G0_2501_130,133,0,133
NCIH2170_TOTAL_HER2_R1_G2_24_10_121_Merge(RGB).tif,NCIH2170_TOTAL_HER2_R1_G2_24_10_121_Merge(RGB),639,0,639
NCIH2170_HIGH_HER2_R1_G1_2404_S2_87_Merge(RGB).tif,NCIH2170_HIGH_HER2_R1_G1_2404_S2_87_Merge(RGB),395,7,388
NCIH2170_LOW_HER2_R1_G0_2501_47_Merge.tif (RGB).tif,NCIH2170_LOW_HER2_R1_G0_2501_47,88,1,87
NCIH2170_LOW_HER2_R1_G0_2501_38_Merge.tif (RGB).tif,NCIH2170_LOW_HER2_R1_G0_2501_38,79,20,59
NCIH2170_HIGH_HER2_R1_G2_24_10_10_Merge(RGB).tif,NCIH2170_HIGH_HER2_R1_G2_24_10_10_Merge(RGB),649,32,617
NCIH2170_LOW_HER2_R1_G2_24_10_4_Merge(RGB).tif,NCIH2170_LOW_HER2_R1_G2_24_10_4_Merge(RGB),165,0,165
NCIH2170_HIGH_HER2_R1_G1_2404_S2_39_Merge(RGB).tif,NCIH2170_HIGH_HER2_R1_G1_2404_S2_39_Merge(RGB),454,76,378
NCIH2170_LOW_HER2_R1_G0_2501_110_Merge.tif (RGB).tif,NCIH2170_LOW_HER2_R1_G0_2501_110,44,5,39
NCIH2170_HIGH_HER2_R1_G2_24_10_8_Merge(RGB).tif,NCIH2170_HIGH_HER2_R1_G2_24_10_8_Merge(RGB),648,16,632
NCIH2170_TOTAL_HER2_R1_G1_2404_122_Merge(RGB).tif,NCIH2170_TOTAL_HER2_R1_G1_2404_122_Merge(RGB),275,29,246
NCIH2170_LOW_HER2_R1_G2_24_10_44_Merge(RGB).tif,NCIH2170_LOW_HER2_R1_G2_24_10_44_Merge(RGB),221,1,220
NCIH2170_HIGH_HER2_R1_G0_2501_40_Merge.tif (RGB).tif,NCIH2170_HIGH_HER2_R1_G0_2501_40,196,13,183
NCIH2170_HIGH_HER2_R1_G0_2501_35_Merge.tif (RGB).tif,NCIH2170_HIGH_HER2_R1_G0_2501_35,128,1,127
NCIH2170_LOW_HER2_R1_G0_2501_55_Merge.tif (RGB).tif,NCIH2170_LOW_HER2_R1_G0_2501_55,172,3,169
NCIH2170_TOTAL_HER2_R1_G1_2404_59_Merge(RGB).tif,NCIH2170_TOTAL_HER2_R1_G1_2404_59_Merge(RGB),189,1,188
NCIH2170_LOW_HER2_R1_G2_24_10_89_Merge(RGB).tif,NCIH2170_LOW_HER2_R1_G2_24_10_89_Merge(RGB),352,1,351
NCIH2170_LOW_HER2_R1_G2_24_10_108_Merge(RGB).tif,NCIH2170_LOW_HER2_R1_G2_24_10_108_Merge(RGB),121,5,116
NCIH2170_LOW_HER2_R1_G1_2404_28_Merge(RGB).tif,NCIH2170_LOW_HER2_R1_G1_2404_28_Merge(RGB),94,0,94
NCIH2170_TOTAL_HER2_R1_G0_2501_95_Merge.tif (RGB).tif,NCIH2170_TOTAL_HER2_R1_G0_2501_95,282,0,282
NCIH2170_LOW_HER2_R1_G2_24_10_28_Merge(RGB).tif,NCIH2170_LOW_HER2_R1_G2_24_10_28_Merge(RGB),219,4,215
NCIH2170_TOTAL_HER2_R1_G1_2404_95_Merge(RGB).tif,NCIH2170_TOTAL_HER2_R1_G1_2404_95_Merge(RGB),176,0,176
NCIH2170_TOTAL_HER2_R1_G1_2404_10_Merge(RGB).tif,NCIH2170_TOTAL_HER2_R1_G1_2404_10_Merge(RGB),198,5,193
NCIH2170_LOW_HER2_R1_G2_24_10_97_Merge(RGB).tif,NCIH2170_LOW_HER2_R1_G2_24_10_97_Merge(RGB),110,3,107
NCIH2170_LOW_HER2_R1_G0_2501_127_Merge.tif (RGB).tif,NCIH2170_LOW_HER2_R1_G0_2501_127,105,12,93
NCIH2170_LOW_HER2_R1_G2_24_10_71_Merge(RGB).tif,NCIH2170_LOW_HER2_R1_G2_24_10_71_Merge(RGB),163,0,163
NCIH2170_HIGH_HER2_R1_G0_2501_116_Merge.tif (RGB).tif,NCIH2170_HIGH_HER2_R1_G0_2501_116,217,9,208
NCIH2170_LOW_HER2_R1_G0_2501_15_Merge.tif (RGB).tif,NCIH2170_LOW_HER2_R1_G0_2501_15,177,1,176
NCIH2170_TOTAL_HER2_R1_G1_2404_94_Merge(RGB).tif,NCIH2170_TOTAL_HER2_R1_G1_2404_94_Merge(RGB),105,7,98
NCIH2170_LOW_HER2_R1_G0_2501_111_Merge.tif (RGB).tif,NCIH2170_LOW_HER2_R1_G0_2501_111,188,12,176
NCIH2170_HIGH_HER2_R1_G0_2501_72_Merge.tif (RGB).tif,NCIH2170_HIGH_HER2_R1_G0_2501_72,209,13,196
NCIH2170_HIGH_HER2_R1_G2_24_10_127_Merge(RGB).tif,NCIH2170_HIGH_HER2_R1_G2_24_10_127_Merge(RGB),203,3,200
NCIH2170_HIGH_HER2_R1_G2_24_10_50_Merge(RGB).tif,NCIH2170_HIGH_HER2_R1_G2_24_10_50_Merge(RGB),451,9,442
NCIH2170_HIGH_HER2_R1_G1_2404_S2_62_Merge(RGB).tif,NCIH2170_HIGH_HER2_R1_G1_2404_S2_62_Merge(RGB),217,0,217
NCIH2170_HIGH_HER2_R1_G1_2404_S2_47_Merge(RGB).tif,NCIH2170_HIGH_HER2_R1_G1_2404_S2_47_Merge(RGB),94,1,93
NCIH2170_TOTAL_HER2_R1_G0_2501_16_Merge.tif (RGB).tif,NCIH2170_TOTAL_HER2_R1_G0_2501_16,256,10,246
NCIH2170_HIGH_HER2_R1_G0_2501_82_Merge.tif (RGB).tif,NCIH2170_HIGH_HER2_R1_G0_2501_82,104,6,98
NCIH2170_TOTAL_HER2_R1_G2_24_10_73_Merge(RGB).tif,NCIH2170_TOTAL_HER2_R1_G2_24_10_73_Merge(RGB),485,0,485
NCIH2170_LOW_HER2_R1_G0_2501_59_Merge.tif (RGB).tif,NCIH2170_LOW_HER2_R1_G0_2501_59,94,6,88
NCIH2170_TOTAL_HER2_R1_G1_2404_90_Merge(RGB).tif,NCIH2170_TOTAL_HER2_R1_G1_2404_90_Merge(RGB),258,2,256
NCIH2170_LOW_HER2_R1_G2_24_10_111_Merge(RGB).tif,NCIH2170_LOW_HER2_R1_G2_24_10_111_Merge(RGB),287,1,286
NCIH2170_HIGH_HER2_R1_G0_2501_98_Merge.tif (RGB).tif,NCIH2170_HIGH_HER2_R1_G0_2501_98,169,0,169
NCIH2170_TOTAL_HER2_R1_G0_2501_3_Merge.tif (RGB).tif,NCIH2170_TOTAL_HER2_R1_G0_2501_3,311,5,306
NCIH2170_HIGH_HER2_R1_G1_2404_S2_24_Merge(RGB).tif,NCIH2170_HIGH_HER2_R1_G1_2404_S2_24_Merge(RGB),199,2,197
NCIH2170_HIGH_HER2_R1_G2_24_10_57_Merge(RGB).tif,NCIH2170_HIGH_HER2_R1_G2_24_10_57_Merge(RGB),198,0,198
NCIH2170_LOW_HER2_R1_G2_24_10_83_Merge(RGB).tif,NCIH2170_LOW_HER2_R1_G2_24_10_83_Merge(RGB),145,3,142
NCIH2170_LOW_HER2_R1_G0_2501_84_Merge.tif (RGB).tif,NCIH2170_LOW_HER2_R1_G0_2501_84,115,6,109
NCIH2170_TOTAL_HER2_R1_G0_2501_10_Merge.tif (RGB).tif,NCIH2170_TOTAL_HER2_R1_G0_2501_10,374,14,360
NCIH2170_HIGH_HER2_R1_G2_24_10_64_Merge(RGB).tif,NCIH2170_HIGH_HER2_R1_G2_24_10_64_Merge(RGB),289,16,273
NCIH2170_HIGH_HER2_R1_G0_2501_9_Merge.tif (RGB).tif,NCIH2170_HIGH_HER2_R1_G0_2501_9,111,0,111
NCIH2170_HIGH_HER2_R1_G2_24_10_63_Merge(RGB).tif,NCIH2170_HIGH_HER2_R1_G2_24_10_63_Merge(RGB),293,2,291
NCIH2170_HIGH_HER2_R1_G2_24_10_47_Merge(RGB).tif,NCIH2170_HIGH_HER2_R1_G2_24_10_47_Merge(RGB),399,9,390
NCIH2170_HIGH_HER2_R1_G1_2404_S2_81_Merge(RGB).tif,NCIH2170_HIGH_HER2_R1_G1_2404_S2_81_Merge(RGB),157,0,157
NCIH2170_TOTAL_HER2_R1_G0_2501_21A_Merge.tif (RGB).tif,NCIH2170_TOTAL_HER2_R1_G0_2501_21A,424,0,424
NCIH2170_TOTAL_HER2_R1_G1_2404_86_Merge(RGB).tif,NCIH2170_TOTAL_HER2_R1_G1_2404_86_Merge(RGB),146,3,143
NCIH2170_HIGH_HER2_R1_G2_24_10_45_Merge(RGB).tif,NCIH2170_HIGH_HER2_R1_G2_24_10_45_Merge(RGB),300,10,290
NCIH2170_TOTAL_HER2_R1_G1_2404_99_Merge(RGB).tif,NCIH2170_TOTAL_HER2_R1_G1_2404_99_Merge(RGB),63,6,57
NCIH2170_HIGH_HER2_R1_G1_2404_S2_123_Merge(RGB).tif,NCIH2170_HIGH_HER2_R1_G1_2404_S2_123_Merge(RGB),114,8,106
NCIH2170_LOW_HER2_R1_G2_24_10_78_Merge(RGB).tif,NCIH2170_LOW_HER2_R1_G2_24_10_78_Merge(RGB),141,0,141
NCIH2170_LOW_HER2_R1_G0_2501_25_Merge.tif (RGB).tif,NCIH2170_LOW_HER2_R1_G0_2501_25,189,9,180
NCIH2170_TOTAL_HER2_R1_G1_2404_21_Merge(RGB).tif,NCIH2170_TOTAL_HER2_R1_G1_2404_21_Merge(RGB),195,2,193
NCIH2170_TOTAL_HER2_R1_G2_24_10_103_Merge(RGB).tif,NCIH2170_TOTAL_HER2_R1_G2_24_10_103_Merge(RGB),180,2,178
NCIH2170_LOW_HER2_R1_G2_24_10_57A_Merge(RGB).tif,NCIH2170_LOW_HER2_R1_G2_24_10_57A_Merge(RGB),69,0,69
NCIH2170_TOTAL_HER2_R1_G2_24_10_62_Merge(RGB).tif,NCIH2170_TOTAL_HER2_R1_G2_24_10_62_Merge(RGB),139,0,139
NCIH2170_HIGH_HER2_R1_G1_2404_S2_61_Merge(RGB).tif,NCIH2170_HIGH_HER2_R1_G1_2404_S2_61_Merge(RGB),537,0,537
NCIH2170_TOTAL_HER2_R1_G1_2404_89_Merge(RGB).tif,NCIH2170_TOTAL_HER2_R1_G1_2404_89_Merge(RGB),315,8,307
NCIH2170_LOW_HER2_R1_G1_2404_80_Merge(RGB).tif,NCIH2170_LOW_HER2_R1_G1_2404_80_Merge(RGB),344,5,339
NCIH2170_HIGH_HER2_R1_G2_24_10_52_Merge(RGB).tif,NCIH2170_HIGH_HER2_R1_G2_24_10_52_Merge(RGB),573,54,519
NCIH2170_LOW_HER2_R1_G2_24_10_37_Merge(RGB).tif,NCIH2170_LOW_HER2_R1_G2_24_10_37_Merge(RGB),381,9,372
NCIH2170_LOW_HER2_R1_G1_2404_9_Merge(RGB).tif,NCIH2170_LOW_HER2_R1_G1_2404_9_Merge(RGB),62,0,62
NCIH2170_LOW_HER2_R1_G1_2404_27_Merge(RGB).tif,NCIH2170_LOW_HER2_R1_G1_2404_27_Merge(RGB),232,6,226
NCIH2170_TOTAL_HER2_R1_G2_24_10_51_Merge(RGB).tif,NCIH2170_TOTAL_HER2_R1_G2_24_10_51_Merge(RGB),214,0,214
NCIH2170_HIGH_HER2_R1_G1_2404_S2_89_Merge(RGB).tif,NCIH2170_HIGH_HER2_R1_G1_2404_S2_89_Merge(RGB),96,0,96
NCIH2170_TOTAL_HER2_R1_G0_2501_43_Merge.tif (RGB).tif,NCIH2170_TOTAL_HER2_R1_G0_2501_43,172,12,160
NCIH2170_HIGH_HER2_R1_G1_2404_S2_108_Merge(RGB).tif,NCIH2170_HIGH_HER2_R1_G1_2404_S2_108_Merge(RGB),118,0,118
NCIH2170_TOTAL_HER2_R1_G0_2501_4_Merge.tif (RGB).tif,NCIH2170_TOTAL_HER2_R1_G0_2501_4,123,12,111
NCIH2170_LOW_HER2_R1_G0_2501_34_Merge.tif (RGB).tif,NCIH2170_LOW_HER2_R1_G0_2501_34,65,8,57
NCIH2170_TOTAL_HER2_R1_G2_24_10_20_Merge(RGB).tif,NCIH2170_TOTAL_HER2_R1_G2_24_10_20_Merge(RGB),409,0,409
NCIH2170_TOTAL_HER2_R1_G0_2501_35_Merge.tif (RGB).tif,NCIH2170_TOTAL_HER2_R1_G0_2501_35,189,3,186
NCIH2170_TOTAL_HER2_R1_G2_24_10_55_Merge(RGB).tif,NCIH2170_TOTAL_HER2_R1_G2_24_10_55_Merge(RGB),163,0,163
NCIH2170_TOTAL_HER2_R1_G2_24_10_119_Merge(RGB).tif,NCIH2170_TOTAL_HER2_R1_G2_24_10_119_Merge(RGB),399,1,398
NCIH2170_LOW_HER2_R1_G2_24_10_99B_Merge(RGB).tif,NCIH2170_LOW_HER2_R1_G2_24_10_99B_Merge(RGB),188,10,178
NCIH2170_TOTAL_HER2_R1_G1_2404_17_Merge(RGB).tif,NCIH2170_TOTAL_HER2_R1_G1_2404_17_Merge(RGB),370,0,370
NCIH2170_TOTAL_HER2_R1_G1_2404_80_Merge(RGB).tif,NCIH2170_TOTAL_HER2_R1_G1_2404_80_Merge(RGB),288,3,285
NCIH2170_TOTAL_HER2_R1_G2_24_10_37_Merge(RGB).tif,NCIH2170_TOTAL_HER2_R1_G2_24_10_37_Merge(RGB),390,7,383
NCIH2170_LOW_HER2_R1_G1_2404_13_Merge(RGB).tif,NCIH2170_LOW_HER2_R1_G1_2404_13_Merge(RGB),218,12,206
NCIH2170_HIGH_HER2_R1_G2_24_10_95_Merge(RGB).tif,NCIH2170_HIGH_HER2_R1_G2_24_10_95_Merge(RGB),158,54,104
NCIH2170_HIGH_HER2_R1_G0_2501_53_Merge.tif (RGB).tif,NCIH2170_HIGH_HER2_R1_G0_2501_53,171,16,155
NCIH2170_HIGH_HER2_R1_G2_24_10_74_Merge(RGB).tif,NCIH2170_HIGH_HER2_R1_G2_24_10_74_Merge(RGB),208,18,190
NCIH2170_TOTAL_HER2_R1_G2_24_10_93_Merge(RGB).tif,NCIH2170_TOTAL_HER2_R1_G2_24_10_93_Merge(RGB),391,1,390
NCIH2170_TOTAL_HER2_R1_G1_2404_130_Merge(RGB).tif,NCIH2170_TOTAL_HER2_R1_G1_2404_130_Merge(RGB),203,0,203
NCIH2170_TOTAL_HER2_R1_G0_2501_111_Merge.tif (RGB).tif,NCIH2170_TOTAL_HER2_R1_G0_2501_111,224,3,221
NCIH2170_HIGH_HER2_R1_G0_2501_93_Merge.tif (RGB).tif,NCIH2170_HIGH_HER2_R1_G0_2501_93,61,17,44
NCIH2170_HIGH_HER2_R1_G0_2501_101_Merge.tif (RGB).tif,NCIH2170_HIGH_HER2_R1_G0_2501_101,79,0,79
NCIH2170_LOW_HER2_R1_G0_2501_70_Merge.tif (RGB).tif,NCIH2170_LOW_HER2_R1_G0_2501_70,276,9,267
NCIH2170_LOW_HER2_R1_G0_2501_64_Merge.tif (RGB).tif,NCIH2170_LOW_HER2_R1_G0_2501_64,250,2,248
NCIH2170_HIGH_HER2_R1_G2_24_10_26_Merge(RGB).tif,NCIH2170_HIGH_HER2_R1_G2_24_10_26_Merge(RGB),312,0,312
NCIH2170_LOW_HER2_R1_G0_2501_121_Merge.tif (RGB).tif,NCIH2170_LOW_HER2_R1_G0_2501_121,111,2,109
NCIH2170_LOW_HER2_R1_G1_2404_44_Merge(RGB).tif,NCIH2170_LOW_HER2_R1_G1_2404_44_Merge(RGB),97,2,95
NCIH2170_TOTAL_HER2_R1_G0_2501_17_Merge.tif (RGB).tif,NCIH2170_TOTAL_HER2_R1_G0_2501_17,102,3,99
NCIH2170_HIGH_HER2_R1_G2_24_10_6_Merge(RGB).tif,NCIH2170_HIGH_HER2_R1_G2_24_10_6_Merge(RGB),225,1,224
NCIH2170_TOTAL_HER2_R1_G1_2404_56_Merge(RGB).tif,NCIH2170_TOTAL_HER2_R1_G1_2404_56_Merge(RGB),137,0,137
NCIH2170_TOTAL_HER2_R1_G1_2404_51_Merge(RGB).tif,NCIH2170_TOTAL_HER2_R1_G1_2404_51_Merge(RGB),620,14,606
NCIH2170_TOTAL_HER2_R1_G2_24_10_23_Merge(RGB).tif,NCIH2170_TOTAL_HER2_R1_G2_24_10_23_Merge(RGB),446,2,444
NCIH2170_LOW_HER2_R1_G0_2501_61_Merge.tif (RGB).tif,NCIH2170_LOW_HER2_R1_G0_2501_61,139,16,123
NCIH2170_LOW_HER2_R1_G2_24_10_45_Merge(RGB).tif,NCIH2170_LOW_HER2_R1_G2_24_10_45_Merge(RGB),147,1,146
NCIH2170_LOW_HER2_R1_G2_24_10_51_Merge(RGB).tif,NCIH2170_LOW_HER2_R1_G2_24_10_51_Merge(RGB),223,2,221
NCIH2170_LOW_HER2_R1_G1_2404_30_Merge(RGB).tif,NCIH2170_LOW_HER2_R1_G1_2404_30_Merge(RGB),261,0,261
NCIH2170_HIGH_HER2_R1_G0_2501_14_Merge.tif (RGB).tif,NCIH2170_HIGH_HER2_R1_G0_2501_14,212,2,210
NCIH2170_HIGH_HER2_R1_G1_2404_S2_15_Merge(RGB).tif,NCIH2170_HIGH_HER2_R1_G1_2404_S2_15_Merge(RGB),178,8,170
NCIH2170_HIGH_HER2_R1_G2_24_10_22_Merge(RGB).tif,NCIH2170_HIGH_HER2_R1_G2_24_10_22_Merge(RGB),265,4,261
NCIH2170_HIGH_HER2_R1_G0_2501_88_Merge.tif (RGB).tif,NCIH2170_HIGH_HER2_R1_G0_2501_88,119,0,119
NCIH2170_LOW_HER2_R1_G2_24_10_48_Merge(RGB).tif,NCIH2170_LOW_HER2_R1_G2_24_10_48_Merge(RGB),140,4,136
NCIH2170_HIGH_HER2_R1_G1_2404_S2_90_Merge(RGB).tif,NCIH2170_HIGH_HER2_R1_G1_2404_S2_90_Merge(RGB),123,0,123
NCIH2170_TOTAL_HER2_R1_G1_2404_76_Merge(RGB).tif,NCIH2170_TOTAL_HER2_R1_G1_2404_76_Merge(RGB),219,0,219
NCIH2170_LOW_HER2_R1_G0_2501_44_Merge.tif (RGB).tif,NCIH2170_LOW_HER2_R1_G0_2501_44,48,8,40
NCIH2170_LOW_HER2_R1_G2_24_10_34_Merge(RGB).tif,NCIH2170_LOW_HER2_R1_G2_24_10_34_Merge(RGB),113,1,112
NCIH2170_HIGH_HER2_R1_G0_2501_127_Merge.tif (RGB).tif,NCIH2170_HIGH_HER2_R1_G0_2501_127,103,1,102
NCIH2170_TOTAL_HER2_R1_G2_24_10_100_Merge(RGB).tif,NCIH2170_TOTAL_HER2_R1_G2_24_10_100_Merge(RGB),496,1,495
NCIH2170_HIGH_HER2_R1_G2_24_10_19_Merge(RGB).tif,NCIH2170_HIGH_HER2_R1_G2_24_10_19_Merge(RGB),156,2,154
NCIH2170_HIGH_HER2_R1_G1_2404_S2_28_Merge(RGB).tif,NCIH2170_HIGH_HER2_R1_G1_2404_S2_28_Merge(RGB),218,5,213
NCIH2170_HIGH_HER2_R1_G2_24_10_18B_Merge(RGB).tif,NCIH2170_HIGH_HER2_R1_G2_24_10_18B_Merge(RGB),265,13,252
NCIH2170_HIGH_HER2_R1_G2_24_10_96_Merge(RGB).tif,NCIH2170_HIGH_HER2_R1_G2_24_10_96_Merge(RGB),90,17,73
NCIH2170_TOTAL_HER2_R1_G1_2404_50_Merge(RGB).tif,NCIH2170_TOTAL_HER2_R1_G1_2404_50_Merge(RGB),590,0,590
NCIH2170_HIGH_HER2_R1_G2_24_10_69_Merge(RGB).tif,NCIH2170_HIGH_HER2_R1_G2_24_10_69_Merge(RGB),102,2,100
NCIH2170_HIGH_HER2_R1_G2_24_10_82A_Merge(RGB).tif,NCIH2170_HIGH_HER2_R1_G2_24_10_82A_Merge(RGB),225,10,215
NCIH2170_TOTAL_HER2_R1_G0_2501_69_Merge.tif (RGB).tif,NCIH2170_TOTAL_HER2_R1_G0_2501_69,389,0,389
NCIH2170_TOTAL_HER2_R1_G0_2501_102_Merge.tif (RGB).tif,NCIH2170_TOTAL_HER2_R1_G0_2501_102,240,12,228
NCIH2170_LOW_HER2_R1_G2_24_10_122_Merge(RGB).tif,NCIH2170_LOW_HER2_R1_G2_24_10_122_Merge(RGB),90,9,81
NCIH2170_HIGH_HER2_R1_G2_24_10_12_Merge(RGB).tif,NCIH2170_HIGH_HER2_R1_G2_24_10_12_Merge(RGB),262,9,253
NCIH2170_LOW_HER2_R1_G0_2501_23_Merge.tif (RGB).tif,NCIH2170_LOW_HER2_R1_G0_2501_23,84,5,79
NCIH2170_TOTAL_HER2_R1_G1_2404_71_Merge(RGB).tif,NCIH2170_TOTAL_HER2_R1_G1_2404_71_Merge(RGB),183,0,183
NCIH2170_LOW_HER2_R1_G2_24_10_65_Merge(RGB).tif,NCIH2170_LOW_HER2_R1_G2_24_10_65_Merge(RGB),339,1,338
NCIH2170_TOTAL_HER2_R1_G0_2501_27A_Merge.tif (RGB).tif,NCIH2170_TOTAL_HER2_R1_G0_2501_27A,137,10,127
NCIH2170_HIGH_HER2_R1_G0_2501_52_Merge.tif (RGB).tif,NCIH2170_HIGH_HER2_R1_G0_2501_52,282,24,258
NCIH2170_LOW_HER2_R1_G1_2404_3_Merge(RGB).tif,NCIH2170_LOW_HER2_R1_G1_2404_3_Merge(RGB),57,7,50
NCIH2170_LOW_HER2_R1_G0_2501_63_Merge.tif (RGB).tif,NCIH2170_LOW_HER2_R1_G0_2501_63,139,4,135
NCIH2170_TOTAL_HER2_R1_G2_24_10_69_Merge(RGB).tif,NCIH2170_TOTAL_HER2_R1_G2_24_10_69_Merge(RGB),355,0,355
NCIH2170_HIGH_HER2_R1_G1_2404_S2_37_Merge(RGB).tif,NCIH2170_HIGH_HER2_R1_G1_2404_S2_37_Merge(RGB),371,13,358
NCIH2170_HIGH_HER2_R1_G2_24_10_41_Merge(RGB).tif,NCIH2170_HIGH_HER2_R1_G2_24_10_41_Merge(RGB),313,9,304
NCIH2170_LOW_HER2_R1_G1_2404_65_Merge(RGB).tif,NCIH2170_LOW_HER2_R1_G1_2404_65_Merge(RGB),150,33,117
NCIH2170_LOW_HER2_R1_G2_24_10_74_Merge(RGB).tif,NCIH2170_LOW_HER2_R1_G2_24_10_74_Merge(RGB),63,0,63
NCIH2170_LOW_HER2_R1_G1_2404_55_Merge(RGB).tif,NCIH2170_LOW_HER2_R1_G1_2404_55_Merge(RGB),182,2,180
NCIH2170_TOTAL_HER2_R1_G2_24_10_89_Merge(RGB).tif,NCIH2170_TOTAL_HER2_R1_G2_24_10_89_Merge(RGB),368,0,368
NCIH2170_LOW_HER2_R1_G2_24_10_95_Merge(RGB).tif,NCIH2170_LOW_HER2_R1_G2_24_10_95_Merge(RGB),178,9,169
NCIH2170_TOTAL_HER2_R1_G2_24_10_64_Merge(RGB).tif,NCIH2170_TOTAL_HER2_R1_G2_24_10_64_Merge(RGB),664,0,664
NCIH2170_TOTAL_HER2_R1_G2_24_10_44_Merge(RGB).tif,NCIH2170_TOTAL_HER2_R1_G2_24_10_44_Merge(RGB),168,2,166
NCIH2170_HIGH_HER2_R1_G2_24_10_112_Merge(RGB).tif,NCIH2170_HIGH_HER2_R1_G2_24_10_112_Merge(RGB),484,4,480
NCIH2170_HIGH_HER2_R1_G2_24_10_89_Merge(RGB).tif,NCIH2170_HIGH_HER2_R1_G2_24_10_89_Merge(RGB),296,8,288
NCIH2170_LOW_HER2_R1_G0_2501_98_Merge.tif (RGB).tif,NCIH2170_LOW_HER2_R1_G0_2501_98,71,7,64
NCIH2170_LOW_HER2_R1_G1_2404_41_Merge(RGB).tif,NCIH2170_LOW_HER2_R1_G1_2404_41_Merge(RGB),200,17,183
NCIH2170_HIGH_HER2_R1_G2_24_10_99_Merge(RGB).tif,NCIH2170_HIGH_HER2_R1_G2_24_10_99_Merge(RGB),77,3,74
NCIH2170_TOTAL_HER2_R1_G2_24_10_115_Merge(RGB).tif,NCIH2170_TOTAL_HER2_R1_G2_24_10_115_Merge(RGB),599,0,599
NCIH2170_TOTAL_HER2_R1_G0_2501_92_Merge.tif (RGB).tif,NCIH2170_TOTAL_HER2_R1_G0_2501_92,190,0,190
NCIH2170_TOTAL_HER2_R1_G0_2501_120_Merge.tif (RGB).tif,NCIH2170_TOTAL_HER2_R1_G0_2501_120,259,0,259
NCIH2170_LOW_HER2_R1_G2_24_10_26_Merge(RGB).tif,NCIH2170_LOW_HER2_R1_G2_24_10_26_Merge(RGB),361,8,353
NCIH2170_TOTAL_HER2_R1_G1_2404_26_Merge(RGB).tif,NCIH2170_TOTAL_HER2_R1_G1_2404_26_Merge(RGB),155,3,152
NCIH2170_TOTAL_HER2_R1_G1_2404_22_Merge(RGB).tif,NCIH2170_TOTAL_HER2_R1_G1_2404_22_Merge(RGB),86,1,85
NCIH2170_TOTAL_HER2_R1_G1_2404_115_Merge(RGB).tif,NCIH2170_TOTAL_HER2_R1_G1_2404_115_Merge(RGB),226,2,224
NCIH2170_HIGH_HER2_R1_G1_2404_S2_98_Merge(RGB).tif,NCIH2170_HIGH_HER2_R1_G1_2404_S2_98_Merge(RGB),296,1,295
NCIH2170_TOTAL_HER2_R1_G1_2404_35_Merge(RGB).tif,NCIH2170_TOTAL_HER2_R1_G1_2404_35_Merge(RGB),68,0,68
NCIH2170_LOW_HER2_R1_G0_2501_119_Merge.tif (RGB).tif,NCIH2170_LOW_HER2_R1_G0_2501_119,120,5,115
NCIH2170_LOW_HER2_R1_G2_24_10_31_Merge(RGB).tif,NCIH2170_LOW_HER2_R1_G2_24_10_31_Merge(RGB),225,9,216
NCIH2170_HIGH_HER2_R1_G1_2404_S2_97_Merge(RGB).tif,NCIH2170_HIGH_HER2_R1_G1_2404_S2_97_Merge(RGB),340,0,340
NCIH2170_TOTAL_HER2_R1_G2_24_10_10_Merge(RGB).tif,NCIH2170_TOTAL_HER2_R1_G2_24_10_10_Merge(RGB),317,6,311
NCIH2170_HIGH_HER2_R1_G1_2404_S2_103_Merge(RGB).tif,NCIH2170_HIGH_HER2_R1_G1_2404_S2_103_Merge(RGB),71,0,71
NCIH2170_TOTAL_HER2_R1_G2_24_10_19_Merge(RGB).tif,NCIH2170_TOTAL_HER2_R1_G2_24_10_19_Merge(RGB),264,1,263
NCIH2170_TOTAL_HER2_R1_G2_24_10_110_Merge(RGB).tif,NCIH2170_TOTAL_HER2_R1_G2_24_10_110_Merge(RGB),367,0,367
NCIH2170_TOTAL_HER2_R1_G0_2501_12_Merge.tif (RGB).tif,NCIH2170_TOTAL_HER2_R1_G0_2501_12,374,17,357
NCIH2170_TOTAL_HER2_R1_G1_2404_103_Merge(RGB).tif,NCIH2170_TOTAL_HER2_R1_G1_2404_103_Merge(RGB),313,2,311
NCIH2170_HIGH_HER2_R1_G2_24_10_21_Merge(RGB).tif,NCIH2170_HIGH_HER2_R1_G2_24_10_21_Merge(RGB),355,6,349
NCIH2170_TOTAL_HER2_R1_G1_2404_128_Merge(RGB).tif,NCIH2170_TOTAL_HER2_R1_G1_2404_128_Merge(RGB),75,2,73
NCIH2170_LOW_HER2_R1_G1_2404_56_Merge(RGB).tif,NCIH2170_LOW_HER2_R1_G1_2404_56_Merge(RGB),67,10,57
NCIH2170_TOTAL_HER2_R1_G1_2404_117_Merge(RGB).tif,NCIH2170_TOTAL_HER2_R1_G1_2404_117_Merge(RGB),364,3,361
NCIH2170_TOTAL_HER2_R1_G0_2501_29_Merge.tif (RGB).tif,NCIH2170_TOTAL_HER2_R1_G0_2501_29,130,4,126
NCIH2170_LOW_HER2_R1_G2_24_10_116_Merge(RGB).tif,NCIH2170_LOW_HER2_R1_G2_24_10_116_Merge(RGB),164,5,159
NCIH2170_LOW_HER2_R1_G1_2404_57_Merge(RGB).tif,NCIH2170_LOW_HER2_R1_G1_2404_57_Merge(RGB),332,0,332
NCIH2170_LOW_HER2_R1_G1_2404_58_Merge(RGB).tif,NCIH2170_LOW_HER2_R1_G1_2404_58_Merge(RGB),542,9,533
NCIH2170_HIGH_HER2_R1_G1_2404_S2_53_Merge(RGB).tif,NCIH2170_HIGH_HER2_R1_G1_2404_S2_53_Merge(RGB),113,3,110
NCIH2170_TOTAL_HER2_R1_G1_2404_25_Merge(RGB).tif,NCIH2170_TOTAL_HER2_R1_G1_2404_25_Merge(RGB),39,2,37
NCIH2170_HIGH_HER2_R1_G2_24_10_111_Merge(RGB).tif,NCIH2170_HIGH_HER2_R1_G2_24_10_111_Merge(RGB),370,22,348
NCIH2170_LOW_HER2_R1_G2_24_10_35_Merge(RGB).tif,NCIH2170_LOW_HER2_R1_G2_24_10_35_Merge(RGB),130,9,121
NCIH2170_HIGH_HER2_R1_G0_2501_10_Merge.tif (RGB).tif,NCIH2170_HIGH_HER2_R1_G0_2501_10,246,0,246
NCIH2170_HIGH_HER2_R1_G2_24_10_13_Merge(RGB).tif,NCIH2170_HIGH_HER2_R1_G2_24_10_13_Merge(RGB),172,1,171
NCIH2170_TOTAL_HER2_R1_G0_2501_44_Merge.tif (RGB).tif,NCIH2170_TOTAL_HER2_R1_G0_2501_44,153,1,152
NCIH2170_HIGH_HER2_R1_G2_24_10_124_Merge(RGB).tif,NCIH2170_HIGH_HER2_R1_G2_24_10_124_Merge(RGB),62,1,61
NCIH2170_LOW_HER2_R1_G2_24_10_87_Merge(RGB).tif,NCIH2170_LOW_HER2_R1_G2_24_10_87_Merge(RGB),289,0,289
NCIH2170_HIGH_HER2_R1_G0_2501_48_Merge.tif (RGB).tif,NCIH2170_HIGH_HER2_R1_G0_2501_48,180,18,162
NCIH2170_TOTAL_HER2_R1_G2_24_10_108_Merge(RGB).tif,NCIH2170_TOTAL_HER2_R1_G2_24_10_108_Merge(RGB),636,7,629
NCIH2170_HIGH_HER2_R1_G2_24_10_71_Merge(RGB).tif,NCIH2170_HIGH_HER2_R1_G2_24_10_71_Merge(RGB),57,16,41
NCIH2170_HIGH_HER2_R1_G2_24_10_113_Merge(RGB).tif,NCIH2170_HIGH_HER2_R1_G2_24_10_113_Merge(RGB),189,1,188
NCIH2170_HIGH_HER2_R1_G2_24_10_43_Merge(RGB).tif,NCIH2170_HIGH_HER2_R1_G2_24_10_43_Merge(RGB),362,7,355
NCIH2170_TOTAL_HER2_R1_G2_24_10_21_Merge(RGB).tif,NCIH2170_TOTAL_HER2_R1_G2_24_10_21_Merge(RGB),298,16,282
NCIH2170_TOTAL_HER2_R1_G0_2501_20_Merge.tif (RGB).tif,NCIH2170_TOTAL_HER2_R1_G0_2501_20,92,0,92
NCIH2170_TOTAL_HER2_R1_G1_2404_38_Merge(RGB).tif,NCIH2170_TOTAL_HER2_R1_G1_2404_38_Merge(RGB),169,0,169
NCIH2170_LOW_HER2_R1_G2_24_10_94_Merge(RGB).tif,NCIH2170_LOW_HER2_R1_G2_24_10_94_Merge(RGB),183,0,183
NCIH2170_TOTAL_HER2_R1_G0_2501_113_Merge.tif (RGB).tif,NCIH2170_TOTAL_HER2_R1_G0_2501_113,178,10,168
NCIH2170_LOW_HER2_R1_G2_24_10_22_Merge(RGB).tif,NCIH2170_LOW_HER2_R1_G2_24_10_22_Merge(RGB),60,5,55
NCIH2170_TOTAL_HER2_R1_G0_2501_30_Merge.tif (RGB).tif,NCIH2170_TOTAL_HER2_R1_G0_2501_30,188,0,188
NCIH2170_LOW_HER2_R1_G0_2501_2_Merge.tif (RGB).tif,NCIH2170_LOW_HER2_R1_G0_2501_2,93,4,89
NCIH2170_TOTAL_HER2_R1_G2_24_10_24_Merge(RGB).tif,NCIH2170_TOTAL_HER2_R1_G2_24_10_24_Merge(RGB),495,0,495
NCIH2170_LOW_HER2_R1_G0_2501_16_Merge.tif (RGB).tif,NCIH2170_LOW_HER2_R1_G0_2501_16,132,3,129
NCIH2170_HIGH_HER2_R1_G1_2404_S2_67_Merge(RGB).tif,NCIH2170_HIGH_HER2_R1_G1_2404_S2_67_Merge(RGB),236,87,149
NCIH2170_HIGH_HER2_R1_G2_24_10_68_Merge(RGB).tif,NCIH2170_HIGH_HER2_R1_G2_24_10_68_Merge(RGB),106,1,105
NCIH2170_LOW_HER2_R1_G0_2501_50_Merge.tif (RGB).tif,NCIH2170_LOW_HER2_R1_G0_2501_50,322,17,305
NCIH2170_LOW_HER2_R1_G1_2404_18_Merge(RGB).tif,NCIH2170_LOW_HER2_R1_G1_2404_18_Merge(RGB),88,3,85
NCIH2170_HIGH_HER2_R1_G2_24_10_54_Merge(RGB).tif,NCIH2170_HIGH_HER2_R1_G2_24_10_54_Merge(RGB),366,16,350
NCIH2170_LOW_HER2_R1_G0_2501_106_Merge.tif (RGB).tif,NCIH2170_LOW_HER2_R1_G0_2501_106,139,11,128
NCIH2170_LOW_HER2_R1_G2_24_10_129_Merge(RGB).tif,NCIH2170_LOW_HER2_R1_G2_24_10_129_Merge(RGB),68,13,55
NCIH2170_HIGH_HER2_R1_G2_24_10_15B_Merge(RGB).tif,NCIH2170_HIGH_HER2_R1_G2_24_10_15B_Merge(RGB),503,13,490
NCIH2170_HIGH_HER2_R1_G0_2501_66_Merge.tif (RGB).tif,NCIH2170_HIGH_HER2_R1_G0_2501_66,94,5,89
NCIH2170_HIGH_HER2_R1_G0_2501_50_Merge.tif (RGB).tif,NCIH2170_HIGH_HER2_R1_G0_2501_50,124,2,122
NCIH2170_TOTAL_HER2_R1_G0_2501_33_Merge.tif (RGB).tif,NCIH2170_TOTAL_HER2_R1_G0_2501_33,183,6,177
NCIH2170_HIGH_HER2_R1_G2_24_10_23_Merge(RGB).tif,NCIH2170_HIGH_HER2_R1_G2_24_10_23_Merge(RGB),418,37,381
NCIH2170_LOW_HER2_R1_G0_2501_26_Merge.tif (RGB).tif,NCIH2170_LOW_HER2_R1_G0_2501_26,91,8,83
NCIH2170_HIGH_HER2_R1_G2_24_10_107_Merge(RGB).tif,NCIH2170_HIGH_HER2_R1_G2_24_10_107_Merge(RGB),243,17,226
NCIH2170_TOTAL_HER2_R1_G0_2501_50_Merge.tif (RGB).tif,NCIH2170_TOTAL_HER2_R1_G0_2501_50,126,6,120
NCIH2170_TOTAL_HER2_R1_G2_24_10_102_Merge(RGB).tif,NCIH2170_TOTAL_HER2_R1_G2_24_10_102_Merge(RGB),308,0,308
NCIH2170_LOW_HER2_R1_G2_24_10_76_Merge(RGB).tif,NCIH2170_LOW_HER2_R1_G2_24_10_76_Merge(RGB),349,0,349
NCIH2170_HIGH_HER2_R1_G0_2501_77_Merge.tif (RGB).tif,NCIH2170_HIGH_HER2_R1_G0_2501_77,89,3,86
NCIH2170_LOW_HER2_R1_G1_2404_69_Merge(RGB).tif,NCIH2170_LOW_HER2_R1_G1_2404_69_Merge(RGB),302,1,301
NCIH2170_HIGH_HER2_R1_G2_24_10_120_Merge(RGB).tif,NCIH2170_HIGH_HER2_R1_G2_24_10_120_Merge(RGB),507,5,502
NCIH2170_TOTAL_HER2_R1_G1_2404_53_Merge(RGB).tif,NCIH2170_TOTAL_HER2_R1_G1_2404_53_Merge(RGB),244,0,244
NCIH2170_LOW_HER2_R1_G0_2501_11_Merge.tif (RGB).tif,NCIH2170_LOW_HER2_R1_G0_2501_11,86,1,85
NCIH2170_TOTAL_HER2_R1_G1_2404_108_Merge(RGB).tif,NCIH2170_TOTAL_HER2_R1_G1_2404_108_Merge(RGB),146,1,145
NCIH2170_TOTAL_HER2_R1_G2_24_10_49_Merge(RGB).tif,NCIH2170_TOTAL_HER2_R1_G2_24_10_49_Merge(RGB),464,3,461
NCIH2170_LOW_HER2_R1_G2_24_10_63_Merge(RGB).tif,NCIH2170_LOW_HER2_R1_G2_24_10_63_Merge(RGB),214,2,212
NCIH2170_HIGH_HER2_R1_G0_2501_20_Merge.tif (RGB).tif,NCIH2170_HIGH_HER2_R1_G0_2501_20,255,20,235
NCIH2170_HIGH_HER2_R1_G0_2501_17_Merge.tif (RGB).tif,NCIH2170_HIGH_HER2_R1_G0_2501_17,148,4,144
NCIH2170_HIGH_HER2_R1_G2_24_10_40_Merge(RGB).tif,NCIH2170_HIGH_HER2_R1_G2_24_10_40_Merge(RGB),256,7,249
NCIH2170_LOW_HER2_R1_G0_2501_107_Merge.tif (RGB).tif,NCIH2170_LOW_HER2_R1_G0_2501_107,281,22,259
NCIH2170_TOTAL_HER2_R1_G0_2501_66_Merge.tif (RGB).tif,NCIH2170_TOTAL_HER2_R1_G0_2501_66,147,0,147
NCIH2170_TOTAL_HER2_R1_G2_24_10_4_Merge(RGB).tif,NCIH2170_TOTAL_HER2_R1_G2_24_10_4_Merge(RGB),92,15,77
NCIH2170_TOTAL_HER2_R1_G0_2501_13_Merge.tif (RGB).tif,NCIH2170_TOTAL_HER2_R1_G0_2501_13,218,8,210
NCIH2170_TOTAL_HER2_R1_G1_2404_3_Merge(RGB).tif,NCIH2170_TOTAL_HER2_R1_G1_2404_3_Merge(RGB),261,0,261
NCIH2170_HIGH_HER2_R1_G1_2404_S2_76_Merge(RGB).tif,NCIH2170_HIGH_HER2_R1_G1_2404_S2_76_Merge(RGB),359,1,358
NCIH2170_TOTAL_HER2_R1_G1_2404_12_Merge(RGB).tif,NCIH2170_TOTAL_HER2_R1_G1_2404_12_Merge(RGB),242,5,237
NCIH2170_TOTAL_HER2_R1_G2_24_10_7_Merge(RGB).tif,NCIH2170_TOTAL_HER2_R1_G2_24_10_7_Merge(RGB),236,4,232
NCIH2170_HIGH_HER2_R1_G1_2404_S2_50_Merge(RGB).tif,NCIH2170_HIGH_HER2_R1_G1_2404_S2_50_Merge(RGB),141,2,139
NCIH2170_HIGH_HER2_R1_G2_24_10_105C_Merge(RGB).tif,NCIH2170_HIGH_HER2_R1_G2_24_10_105C_Merge(RGB),87,1,86
NCIH2170_TOTAL_HER2_R1_G1_2404_11_Merge(RGB).tif,NCIH2170_TOTAL_HER2_R1_G1_2404_11_Merge(RGB),230,22,208
NCIH2170_HIGH_HER2_R1_G1_2404_S2_65_Merge(RGB).tif,NCIH2170_HIGH_HER2_R1_G1_2404_S2_65_Merge(RGB),150,3,147
NCIH2170_HIGH_HER2_R1_G1_2404_S2_77_Merge(RGB).tif,NCIH2170_HIGH_HER2_R1_G1_2404_S2_77_Merge(RGB),218,1,217
NCIH2170_TOTAL_HER2_R1_G0_2501_129_Merge.tif (RGB).tif,NCIH2170_TOTAL_HER2_R1_G0_2501_129,369,0,369
NCIH2170_TOTAL_HER2_R1_G0_2501_65_Merge.tif (RGB).tif,NCIH2170_TOTAL_HER2_R1_G0_2501_65,195,15,180
NCIH2170_TOTAL_HER2_R1_G1_2404_104_Merge(RGB).tif,NCIH2170_TOTAL_HER2_R1_G1_2404_104_Merge(RGB),280,0,280
NCIH2170_TOTAL_HER2_R1_G0_2501_11_Merge.tif (RGB).tif,NCIH2170_TOTAL_HER2_R1_G0_2501_11,245,12,233
NCIH2170_LOW_HER2_R1_G1_2404_48_Merge(RGB).tif,NCIH2170_LOW_HER2_R1_G1_2404_48_Merge(RGB),143,3,140
NCIH2170_HIGH_HER2_R1_G0_2501_91_Merge.tif (RGB).tif,NCIH2170_HIGH_HER2_R1_G0_2501_91,395,11,384
NCIH2170_LOW_HER2_R1_G2_24_10_125_Merge(RGB).tif,NCIH2170_LOW_HER2_R1_G2_24_10_125_Merge(RGB),142,0,142
NCIH2170_TOTAL_HER2_R1_G1_2404_31_Merge(RGB).tif,NCIH2170_TOTAL_HER2_R1_G1_2404_31_Merge(RGB),372,63,309
NCIH2170_HIGH_HER2_R1_G0_2501_90_Merge.tif (RGB).tif,NCIH2170_HIGH_HER2_R1_G0_2501_90,174,4,170
NCIH2170_TOTAL_HER2_R1_G1_2404_60_Merge(RGB).tif,NCIH2170_TOTAL_HER2_R1_G1_2404_60_Merge(RGB),60,0,60
NCIH2170_LOW_HER2_R1_G2_24_10_5_Merge(RGB).tif,NCIH2170_LOW_HER2_R1_G2_24_10_5_Merge(RGB),195,6,189
NCIH2170_HIGH_HER2_R1_G2_24_10_32_Merge(RGB).tif,NCIH2170_HIGH_HER2_R1_G2_24_10_32_Merge(RGB),489,10,479
NCIH2170_HIGH_HER2_R1_G1_2404_S2_130_Merge(RGB).tif,NCIH2170_HIGH_HER2_R1_G1_2404_S2_130_Merge(RGB),369,4,365
NCIH2170_LOW_HER2_R1_G1_2404_59_Merge(RGB).tif,NCIH2170_LOW_HER2_R1_G1_2404_59_Merge(RGB),236,5,231
NCIH2170_TOTAL_HER2_R1_G0_2501_83_Merge.tif (RGB).tif,NCIH2170_TOTAL_HER2_R1_G0_2501_83,288,0,288
NCIH2170_TOTAL_HER2_R1_G0_2501_99_Merge.tif (RGB).tif,NCIH2170_TOTAL_HER2_R1_G0_2501_99,186,3,183
NCIH2170_LOW_HER2_R1_G0_2501_3_Merge.tif (RGB).tif,NCIH2170_LOW_HER2_R1_G0_2501_3,91,2,89
NCIH2170_LOW_HER2_R1_G0_2501_112_Merge.tif (RGB).tif,NCIH2170_LOW_HER2_R1_G0_2501_112,83,5,78
NCIH2170_TOTAL_HER2_R1_G2_24_10_130_Merge(RGB).tif,NCIH2170_TOTAL_HER2_R1_G2_24_10_130_Merge(RGB),165,24,141
NCIH2170_HIGH_HER2_R1_G2_24_10_59_Merge(RGB).tif,NCIH2170_HIGH_HER2_R1_G2_24_10_59_Merge(RGB),350,14,336
NCIH2170_LOW_HER2_R1_G0_2501_79_Merge.tif (RGB).tif,NCIH2170_LOW_HER2_R1_G0_2501_79,61,0,61
NCIH2170_HIGH_HER2_R1_G0_2501_117_Merge.tif (RGB).tif,NCIH2170_HIGH_HER2_R1_G0_2501_117,137,0,137
NCIH2170_HIGH_HER2_R1_G0_2501_34_Merge.tif (RGB).tif,NCIH2170_HIGH_HER2_R1_G0_2501_34,158,4,154
NCIH2170_LOW_HER2_R1_G2_24_10_53_Merge(RGB).tif,NCIH2170_LOW_HER2_R1_G2_24_10_53_Merge(RGB),68,12,56
NCIH2170_TOTAL_HER2_R1_G0_2501_22_Merge.tif (RGB).tif,NCIH2170_TOTAL_HER2_R1_G0_2501_22,174,5,169
NCIH2170_LOW_HER2_R1_G2_24_10_27_Merge(RGB).tif,NCIH2170_LOW_HER2_R1_G2_24_10_27_Merge(RGB),314,1,313
NCIH2170_LOW_HER2_R1_G0_2501_41_Merge.tif (RGB).tif,NCIH2170_LOW_HER2_R1_G0_2501_41,110,9,101
NCIH2170_HIGH_HER2_R1_G1_2404_S2_115_Merge(RGB).tif,NCIH2170_HIGH_HER2_R1_G1_2404_S2_115_Merge(RGB),348,0,348
NCIH2170_HIGH_HER2_R1_G1_2404_S2_126_Merge(RGB).tif,NCIH2170_HIGH_HER2_R1_G1_2404_S2_126_Merge(RGB),179,1,178
NCIH2170_TOTAL_HER2_R1_G0_2501_121_Merge.tif (RGB).tif,NCIH2170_TOTAL_HER2_R1_G0_2501_121,236,0,236
NCIH2170_HIGH_HER2_R1_G1_2404_S2_119_Merge(RGB).tif,NCIH2170_HIGH_HER2_R1_G1_2404_S2_119_Merge(RGB),222,3,219
NCIH2170_HIGH_HER2_R1_G1_2404_S2_18_Merge(RGB).tif,NCIH2170_HIGH_HER2_R1_G1_2404_S2_18_Merge(RGB),207,0,207
NCIH2170_LOW_HER2_R1_G2_24_10_16_Merge(RGB).tif,NCIH2170_LOW_HER2_R1_G2_24_10_16_Merge(RGB),100,1,99
NCIH2170_TOTAL_HER2_R1_G0_2501_125_Merge.tif (RGB).tif,NCIH2170_TOTAL_HER2_R1_G0_2501_125,158,0,158
NCIH2170_LOW_HER2_R1_G0_2501_31B_Merge.tif (RGB).tif,NCIH2170_LOW_HER2_R1_G0_2501_31B,90,4,86
NCIH2170_HIGH_HER2_R1_G0_2501_36_Merge.tif (RGB).tif,NCIH2170_HIGH_HER2_R1_G0_2501_36,127,2,125
NCIH2170_TOTAL_HER2_R1_G2_24_10_90_Merge(RGB).tif,NCIH2170_TOTAL_HER2_R1_G2_24_10_90_Merge(RGB),371,0,371
NCIH2170_TOTAL_HER2_R1_G2_24_10_6_Merge(RGB).tif,NCIH2170_TOTAL_HER2_R1_G2_24_10_6_Merge(RGB),260,12,248
NCIH2170_LOW_HER2_R1_G0_2501_30_Merge.tif (RGB).tif,NCIH2170_LOW_HER2_R1_G0_2501_30,135,1,134
NCIH2170_HIGH_HER2_R1_G2_24_10_25_Merge(RGB).tif,NCIH2170_HIGH_HER2_R1_G2_24_10_25_Merge(RGB),280,11,269
NCIH2170_TOTAL_HER2_R1_G2_24_10_53_Merge(RGB).tif,NCIH2170_TOTAL_HER2_R1_G2_24_10_53_Merge(RGB),335,0,335
NCIH2170_TOTAL_HER2_R1_G2_24_10_77_Merge(RGB).tif,NCIH2170_TOTAL_HER2_R1_G2_24_10_77_Merge(RGB),172,0,172
NCIH2170_LOW_HER2_R1_G2_24_10_11B_Merge(RGB).tif,NCIH2170_LOW_HER2_R1_G2_24_10_11B_Merge(RGB),195,17,178
NCIH2170_HIGH_HER2_R1_G2_24_10_18A_Merge(RGB).tif,NCIH2170_HIGH_HER2_R1_G2_24_10_18A_Merge(RGB),137,0,137
NCIH2170_TOTAL_HER2_R1_G0_2501_93_Merge.tif (RGB).tif,NCIH2170_TOTAL_HER2_R1_G0_2501_93,171,0,171
NCIH2170_TOTAL_HER2_R1_G0_2501_38_Merge.tif (RGB).tif,NCIH2170_TOTAL_HER2_R1_G0_2501_38,191,2,189
NCIH2170_TOTAL_HER2_R1_G1_2404_102_Merge(RGB).tif,NCIH2170_TOTAL_HER2_R1_G1_2404_102_Merge(RGB),235,7,228
NCIH2170_HIGH_HER2_R1_G0_2501_121_Merge.tif (RGB).tif,NCIH2170_HIGH_HER2_R1_G0_2501_121,151,3,148
NCIH2170_TOTAL_HER2_R1_G2_24_10_112_Merge(RGB).tif,NCIH2170_TOTAL_HER2_R1_G2_24_10_112_Merge(RGB),205,3,202
NCIH2170_HIGH_HER2_R1_G0_2501_12_Merge.tif (RGB).tif,NCIH2170_HIGH_HER2_R1_G0_2501_12,170,3,167
NCIH2170_LOW_HER2_R1_G2_24_10_36_Merge(RGB).tif,NCIH2170_LOW_HER2_R1_G2_24_10_36_Merge(RGB),163,14,149
NCIH2170_TOTAL_HER2_R1_G1_2404_37_Merge(RGB).tif,NCIH2170_TOTAL_HER2_R1_G1_2404_37_Merge(RGB),224,25,199
NCIH2170_TOTAL_HER2_R1_G1_2404_32_Merge(RGB).tif,NCIH2170_TOTAL_HER2_R1_G1_2404_32_Merge(RGB),67,0,67
NCIH2170_TOTAL_HER2_R1_G1_2404_19_Merge(RGB).tif,NCIH2170_TOTAL_HER2_R1_G1_2404_19_Merge(RGB),169,7,162
NCIH2170_HIGH_HER2_R1_G0_2501_128_Merge.tif (RGB).tif,NCIH2170_HIGH_HER2_R1_G0_2501_128,139,4,135
NCIH2170_HIGH_HER2_R1_G2_24_10_121_Merge(RGB).tif,NCIH2170_HIGH_HER2_R1_G2_24_10_121_Merge(RGB),222,1,221
NCIH2170_HIGH_HER2_R1_G2_24_10_118_Merge(RGB).tif,NCIH2170_HIGH_HER2_R1_G2_24_10_118_Merge(RGB),172,0,172
NCIH2170_HIGH_HER2_R1_G1_2404_S2_3_Merge(RGB).tif,NCIH2170_HIGH_HER2_R1_G1_2404_S2_3_Merge(RGB),260,4,256
NCIH2170_HIGH_HER2_R1_G2_24_10_108A_Merge(RGB).tif,NCIH2170_HIGH_HER2_R1_G2_24_10_108A_Merge(RGB),183,1,182
NCIH2170_TOTAL_HER2_R1_G0_2501_36_Merge.tif (RGB).tif,NCIH2170_TOTAL_HER2_R1_G0_2501_36,189,0,189
NCIH2170_HIGH_HER2_R1_G1_2404_S2_56_Merge(RGB).tif,NCIH2170_HIGH_HER2_R1_G1_2404_S2_56_Merge(RGB),262,0,262
NCIH2170_TOTAL_HER2_R1_G0_2501_9_Merge.tif (RGB).tif,NCIH2170_TOTAL_HER2_R1_G0_2501_9,211,26,185
NCIH2170_TOTAL_HER2_R1_G2_24_10_101_Merge(RGB).tif,NCIH2170_TOTAL_HER2_R1_G2_24_10_101_Merge(RGB),242,0,242
NCIH2170_HIGH_HER2_R1_G1_2404_S2_54_Merge(RGB).tif,NCIH2170_HIGH_HER2_R1_G1_2404_S2_54_Merge(RGB),124,7,117
NCIH2170_TOTAL_HER2_R1_G1_2404_8_Merge(RGB).tif,NCIH2170_TOTAL_HER2_R1_G1_2404_8_Merge(RGB),41,1,40
NCIH2170_HIGH_HER2_R1_G0_2501_108_Merge.tif (RGB).tif,NCIH2170_HIGH_HER2_R1_G0_2501_108,281,4,277
NCIH2170_TOTAL_HER2_R1_G2_24_10_45_Merge(RGB).tif,NCIH2170_TOTAL_HER2_R1_G2_24_10_45_Merge(RGB),70,5,65
NCIH2170_LOW_HER2_R1_G1_2404_50_Merge(RGB).tif,NCIH2170_LOW_HER2_R1_G1_2404_50_Merge(RGB),154,3,151
NCIH2170_HIGH_HER2_R1_G1_2404_S2_110_Merge(RGB).tif,NCIH2170_HIGH_HER2_R1_G1_2404_S2_110_Merge(RGB),142,35,107
NCIH2170_TOTAL_HER2_R1_G0_2501_124_Merge.tif (RGB).tif,NCIH2170_TOTAL_HER2_R1_G0_2501_124,119,4,115
NCIH2170_TOTAL_HER2_R1_G1_2404_97_Merge(RGB).tif,NCIH2170_TOTAL_HER2_R1_G1_2404_97_Merge(RGB),490,7,483
NCIH2170_HIGH_HER2_R1_G1_2404_S2_69_Merge(RGB).tif,NCIH2170_HIGH_HER2_R1_G1_2404_S2_69_Merge(RGB),125,8,117
NCIH2170_LOW_HER2_R1_G0_2501_76_Merge.tif (RGB).tif,NCIH2170_LOW_HER2_R1_G0_2501_76,86,4,82
NCIH2170_HIGH_HER2_R1_G0_2501_56_Merge.tif (RGB).tif,NCIH2170_HIGH_HER2_R1_G0_2501_56,127,8,119
NCIH2170_TOTAL_HER2_R1_G2_24_10_28_Merge(RGB).tif,NCIH2170_TOTAL_HER2_R1_G2_24_10_28_Merge(RGB),405,22,383
NCIH2170_TOTAL_HER2_R1_G0_2501_88_Merge.tif (RGB).tif,NCIH2170_TOTAL_HER2_R1_G0_2501_88,185,23,162
NCIH2170_HIGH_HER2_R1_G2_24_10_11_Merge(RGB).tif,NCIH2170_HIGH_HER2_R1_G2_24_10_11_Merge(RGB),255,24,231
NCIH2170_LOW_HER2_R1_G2_24_10_23_Merge(RGB).tif,NCIH2170_LOW_HER2_R1_G2_24_10_23_Merge(RGB),223,0,223
NCIH2170_HIGH_HER2_R1_G0_2501_15A_Merge.tif (RGB).tif,NCIH2170_HIGH_HER2_R1_G0_2501_15A,236,3,233
NCIH2170_HIGH_HER2_R1_G2_24_10_122_Merge(RGB).tif,NCIH2170_HIGH_HER2_R1_G2_24_10_122_Merge(RGB),299,2,297
NCIH2170_HIGH_HER2_R1_G0_2501_18_Merge.tif (RGB).tif,NCIH2170_HIGH_HER2_R1_G0_2501_18,113,3,110
NCIH2170_HIGH_HER2_R1_G1_2404_S2_73_Merge(RGB).tif,NCIH2170_HIGH_HER2_R1_G1_2404_S2_73_Merge(RGB),164,19,145
NCIH2170_TOTAL_HER2_R1_G0_2501_23_Merge.tif (RGB).tif,NCIH2170_TOTAL_HER2_R1_G0_2501_23,200,13,187
NCIH2170_HIGH_HER2_R1_G1_2404_S2_75_Merge(RGB).tif,NCIH2170_HIGH_HER2_R1_G1_2404_S2_75_Merge(RGB),325,6,319
NCIH2170_TOTAL_HER2_R1_G1_2404_111_Merge(RGB).tif,NCIH2170_TOTAL_HER2_R1_G1_2404_111_Merge(RGB),202,39,163
NCIH2170_HIGH_HER2_R1_G0_2501_87_Merge.tif (RGB).tif,NCIH2170_HIGH_HER2_R1_G0_2501_87,144,9,135
NCIH2170_HIGH_HER2_R1_G1_2404_S2_32_Merge(RGB).tif,NCIH2170_HIGH_HER2_R1_G1_2404_S2_32_Merge(RGB),395,33,362
NCIH2170_TOTAL_HER2_R1_G0_2501_87_Merge.tif (RGB).tif,NCIH2170_TOTAL_HER2_R1_G0_2501_87,167,1,166
NCIH2170_HIGH_HER2_R1_G1_2404_S2_4_Merge(RGB).tif,NCIH2170_HIGH_HER2_R1_G1_2404_S2_4_Merge(RGB),197,4,193
NCIH2170_LOW_HER2_R1_G1_2404_60_Merge(RGB).tif,NCIH2170_LOW_HER2_R1_G1_2404_60_Merge(RGB),247,18,229
NCIH2170_TOTAL_HER2_R1_G1_2404_83_Merge(RGB).tif,NCIH2170_TOTAL_HER2_R1_G1_2404_83_Merge(RGB),405,18,387
NCIH2170_HIGH_HER2_R1_G1_2404_S2_8_Merge(RGB).tif,NCIH2170_HIGH_HER2_R1_G1_2404_S2_8_Merge(RGB),113,5,108
NCIH2170_TOTAL_HER2_R1_G0_2501_2_Merge.tif (RGB).tif,NCIH2170_TOTAL_HER2_R1_G0_2501_2,63,0,63
NCIH2170_TOTAL_HER2_R1_G2_24_10_40_Merge(RGB).tif,NCIH2170_TOTAL_HER2_R1_G2_24_10_40_Merge(RGB),88,10,78
NCIH2170_HIGH_HER2_R1_G2_24_10_128_Merge(RGB).tif,NCIH2170_HIGH_HER2_R1_G2_24_10_128_Merge(RGB),257,7,250
